2000 2000
1 2
1 3
1 4
1 5
1 6
1 7
1 8
1 9
1 10
1 11
1 12
1 13
1 14
1 15
1 16
1 17
1 18
1 19
1 20
1 21
1 22
1 23
1 24
1 25
1 26
1 27
1 28
1 29
1 30
1 31
1 32
1 33
1 34
1 35
1 36
1 37
1 38
1 39
1 40
1 41
1 42
1 43
1 44
1 45
1 46
1 47
1 48
1 49
1 50
1 51
1 52
1 53
1 54
1 55
1 56
1 57
1 58
1 59
1 60
1 61
1 62
1 63
1 64
1 65
1 66
1 67
1 68
1 69
1 70
1 71
1 72
1 73
1 74
1 75
1 76
1 77
1 78
1 79
1 80
1 81
1 82
1 83
1 84
1 85
1 86
1 87
1 88
1 89
1 90
1 91
1 92
1 93
1 94
1 95
1 96
1 97
1 98
1 99
1 100
1 101
1 102
1 103
1 104
1 105
1 106
1 107
1 108
1 109
1 110
1 111
1 112
1 113
1 114
1 115
1 116
1 117
1 118
1 119
1 120
1 121
1 122
1 123
1 124
1 125
1 126
1 127
1 128
1 129
1 130
1 131
1 132
1 133
1 134
1 135
1 136
1 137
1 138
1 139
1 140
1 141
1 142
1 143
1 144
1 145
1 146
1 147
1 148
1 149
1 150
1 151
1 152
1 153
1 154
1 155
1 156
1 157
1 158
1 159
1 160
1 161
1 162
1 163
1 164
1 165
1 166
1 167
1 168
1 169
1 170
1 171
1 172
1 173
1 174
1 175
1 176
1 177
1 178
1 179
1 180
1 181
1 182
1 183
1 184
1 185
1 186
1 187
1 188
1 189
1 190
1 191
1 192
1 193
1 194
1 195
1 196
1 197
1 198
1 199
1 200
1 201
1 202
1 203
1 204
1 205
1 206
1 207
1 208
1 209
1 210
1 211
1 212
1 213
1 214
1 215
1 216
1 217
1 218
1 219
1 220
1 221
1 222
1 223
1 224
1 225
1 226
1 227
1 228
1 229
1 230
1 231
1 232
1 233
1 234
1 235
1 236
1 237
1 238
1 239
1 240
1 241
1 242
1 243
1 244
1 245
1 246
1 247
1 248
1 249
1 250
1 251
1 252
1 253
1 254
1 255
1 256
1 257
1 258
1 259
1 260
1 261
1 262
1 263
1 264
1 265
1 266
1 267
1 268
1 269
1 270
1 271
1 272
1 273
1 274
1 275
1 276
1 277
1 278
1 279
1 280
1 281
1 282
1 283
1 284
1 285
1 286
1 287
1 288
1 289
1 290
1 291
1 292
1 293
1 294
1 295
1 296
1 297
1 298
1 299
1 300
1 301
1 302
1 303
1 304
1 305
1 306
1 307
1 308
1 309
1 310
1 311
1 312
1 313
1 314
1 315
1 316
1 317
1 318
1 319
1 320
1 321
1 322
1 323
1 324
1 325
1 326
1 327
1 328
1 329
1 330
1 331
1 332
1 333
1 334
1 335
1 336
1 337
1 338
1 339
1 340
1 341
1 342
1 343
1 344
1 345
1 346
1 347
1 348
1 349
1 350
1 351
1 352
1 353
1 354
1 355
1 356
1 357
1 358
1 359
1 360
1 361
1 362
1 363
1 364
1 365
1 366
1 367
1 368
1 369
1 370
1 371
1 372
1 373
1 374
1 375
1 376
1 377
1 378
1 379
1 380
1 381
1 382
1 383
1 384
1 385
1 386
1 387
1 388
1 389
1 390
1 391
1 392
1 393
1 394
1 395
1 396
1 397
1 398
1 399
1 400
1 401
1 402
1 403
1 404
1 405
1 406
1 407
1 408
1 409
1 410
1 411
1 412
1 413
1 414
1 415
1 416
1 417
1 418
1 419
1 420
1 421
1 422
1 423
1 424
1 425
1 426
1 427
1 428
1 429
1 430
1 431
1 432
1 433
1 434
1 435
1 436
1 437
1 438
1 439
1 440
1 441
1 442
1 443
1 444
1 445
1 446
1 447
1 448
1 449
1 450
1 451
1 452
1 453
1 454
1 455
1 456
1 457
1 458
1 459
1 460
1 461
1 462
1 463
1 464
1 465
1 466
1 467
1 468
1 469
1 470
1 471
1 472
1 473
1 474
1 475
1 476
1 477
1 478
1 479
1 480
1 481
1 482
1 483
1 484
1 485
1 486
1 487
1 488
1 489
1 490
1 491
1 492
1 493
1 494
1 495
1 496
1 497
1 498
1 499
1 500
1 501
1 502
1 503
1 504
1 505
1 506
1 507
1 508
1 509
1 510
1 511
1 512
1 513
1 514
1 515
1 516
1 517
1 518
1 519
1 520
1 521
1 522
1 523
1 524
1 525
1 526
1 527
1 528
1 529
1 530
1 531
1 532
1 533
1 534
1 535
1 536
1 537
1 538
1 539
1 540
1 541
1 542
1 543
1 544
1 545
1 546
1 547
1 548
1 549
1 550
1 551
1 552
1 553
1 554
1 555
1 556
1 557
1 558
1 559
1 560
1 561
1 562
1 563
1 564
1 565
1 566
1 567
1 568
1 569
1 570
1 571
1 572
1 573
1 574
1 575
1 576
1 577
1 578
1 579
1 580
1 581
1 582
1 583
1 584
1 585
1 586
1 587
1 588
1 589
1 590
1 591
1 592
1 593
1 594
1 595
1 596
1 597
1 598
1 599
1 600
1 601
1 602
1 603
1 604
1 605
1 606
1 607
1 608
1 609
1 610
1 611
1 612
1 613
1 614
1 615
1 616
1 617
1 618
1 619
1 620
1 621
1 622
1 623
1 624
1 625
1 626
1 627
1 628
1 629
1 630
1 631
1 632
1 633
1 634
1 635
1 636
1 637
1 638
1 639
1 640
1 641
1 642
1 643
1 644
1 645
1 646
1 647
1 648
1 649
1 650
1 651
1 652
1 653
1 654
1 655
1 656
1 657
1 658
1 659
1 660
1 661
1 662
1 663
1 664
1 665
1 666
1 667
1 668
1 669
1 670
1 671
1 672
1 673
1 674
1 675
1 676
1 677
1 678
1 679
1 680
1 681
1 682
1 683
1 684
1 685
1 686
1 687
1 688
1 689
1 690
1 691
1 692
1 693
1 694
1 695
1 696
1 697
1 698
1 699
1 700
1 701
1 702
1 703
1 704
1 705
1 706
1 707
1 708
1 709
1 710
1 711
1 712
1 713
1 714
1 715
1 716
1 717
1 718
1 719
1 720
1 721
1 722
1 723
1 724
1 725
1 726
1 727
1 728
1 729
1 730
1 731
1 732
1 733
1 734
1 735
1 736
1 737
1 738
1 739
1 740
1 741
1 742
1 743
1 744
1 745
1 746
1 747
1 748
1 749
1 750
1 751
1 752
1 753
1 754
1 755
1 756
1 757
1 758
1 759
1 760
1 761
1 762
1 763
1 764
1 765
1 766
1 767
1 768
1 769
1 770
1 771
1 772
1 773
1 774
1 775
1 776
1 777
1 778
1 779
1 780
1 781
1 782
1 783
1 784
1 785
1 786
1 787
1 788
1 789
1 790
1 791
1 792
1 793
1 794
1 795
1 796
1 797
1 798
1 799
1 800
1 801
1 802
1 803
1 804
1 805
1 806
1 807
1 808
1 809
1 810
1 811
1 812
1 813
1 814
1 815
1 816
1 817
1 818
1 819
1 820
1 821
1 822
1 823
1 824
1 825
1 826
1 827
1 828
1 829
1 830
1 831
1 832
1 833
1 834
1 835
1 836
1 837
1 838
1 839
1 840
1 841
1 842
1 843
1 844
1 845
1 846
1 847
1 848
1 849
1 850
1 851
1 852
1 853
1 854
1 855
1 856
1 857
1 858
1 859
1 860
1 861
1 862
1 863
1 864
1 865
1 866
1 867
1 868
1 869
1 870
1 871
1 872
1 873
1 874
1 875
1 876
1 877
1 878
1 879
1 880
1 881
1 882
1 883
1 884
1 885
1 886
1 887
1 888
1 889
1 890
1 891
1 892
1 893
1 894
1 895
1 896
1 897
1 898
1 899
1 900
1 901
1 902
1 903
1 904
1 905
1 906
1 907
1 908
1 909
1 910
1 911
1 912
1 913
1 914
1 915
1 916
1 917
1 918
1 919
1 920
1 921
1 922
1 923
1 924
1 925
1 926
1 927
1 928
1 929
1 930
1 931
1 932
1 933
1 934
1 935
1 936
1 937
1 938
1 939
1 940
1 941
1 942
1 943
1 944
1 945
1 946
1 947
1 948
1 949
1 950
1 951
1 952
1 953
1 954
1 955
1 956
1 957
1 958
1 959
1 960
1 961
1 962
1 963
1 964
1 965
1 966
1 967
1 968
1 969
1 970
1 971
1 972
1 973
1 974
1 975
1 976
1 977
1 978
1 979
1 980
1 981
1 982
1 983
1 984
1 985
1 986
1 987
1 988
1 989
1 990
1 991
1 992
1 993
1 994
1 995
1 996
1 997
1 998
1 999
1 1000
1 1001
1 1002
1 1003
1 1004
1 1005
1 1006
1 1007
1 1008
1 1009
1 1010
1 1011
1 1012
1 1013
1 1014
1 1015
1 1016
1 1017
1 1018
1 1019
1 1020
1 1021
1 1022
1 1023
1 1024
1 1025
1 1026
1 1027
1 1028
1 1029
1 1030
1 1031
1 1032
1 1033
1 1034
1 1035
1 1036
1 1037
1 1038
1 1039
1 1040
1 1041
1 1042
1 1043
1 1044
1 1045
1 1046
1 1047
1 1048
1 1049
1 1050
1 1051
1 1052
1 1053
1 1054
1 1055
1 1056
1 1057
1 1058
1 1059
1 1060
1 1061
1 1062
1 1063
1 1064
1 1065
1 1066
1 1067
1 1068
1 1069
1 1070
1 1071
1 1072
1 1073
1 1074
1 1075
1 1076
1 1077
1 1078
1 1079
1 1080
1 1081
1 1082
1 1083
1 1084
1 1085
1 1086
1 1087
1 1088
1 1089
1 1090
1 1091
1 1092
1 1093
1 1094
1 1095
1 1096
1 1097
1 1098
1 1099
1 1100
1 1101
1 1102
1 1103
1 1104
1 1105
1 1106
1 1107
1 1108
1 1109
1 1110
1 1111
1 1112
1 1113
1 1114
1 1115
1 1116
1 1117
1 1118
1 1119
1 1120
1 1121
1 1122
1 1123
1 1124
1 1125
1 1126
1 1127
1 1128
1 1129
1 1130
1 1131
1 1132
1 1133
1 1134
1 1135
1 1136
1 1137
1 1138
1 1139
1 1140
1 1141
1 1142
1 1143
1 1144
1 1145
1 1146
1 1147
1 1148
1 1149
1 1150
1 1151
1 1152
1 1153
1 1154
1 1155
1 1156
1 1157
1 1158
1 1159
1 1160
1 1161
1 1162
1 1163
1 1164
1 1165
1 1166
1 1167
1 1168
1 1169
1 1170
1 1171
1 1172
1 1173
1 1174
1 1175
1 1176
1 1177
1 1178
1 1179
1 1180
1 1181
1 1182
1 1183
1 1184
1 1185
1 1186
1 1187
1 1188
1 1189
1 1190
1 1191
1 1192
1 1193
1 1194
1 1195
1 1196
1 1197
1 1198
1 1199
1 1200
1 1201
1 1202
1 1203
1 1204
1 1205
1 1206
1 1207
1 1208
1 1209
1 1210
1 1211
1 1212
1 1213
1 1214
1 1215
1 1216
1 1217
1 1218
1 1219
1 1220
1 1221
1 1222
1 1223
1 1224
1 1225
1 1226
1 1227
1 1228
1 1229
1 1230
1 1231
1 1232
1 1233
1 1234
1 1235
1 1236
1 1237
1 1238
1 1239
1 1240
1 1241
1 1242
1 1243
1 1244
1 1245
1 1246
1 1247
1 1248
1 1249
1 1250
1 1251
1 1252
1 1253
1 1254
1 1255
1 1256
1 1257
1 1258
1 1259
1 1260
1 1261
1 1262
1 1263
1 1264
1 1265
1 1266
1 1267
1 1268
1 1269
1 1270
1 1271
1 1272
1 1273
1 1274
1 1275
1 1276
1 1277
1 1278
1 1279
1 1280
1 1281
1 1282
1 1283
1 1284
1 1285
1 1286
1 1287
1 1288
1 1289
1 1290
1 1291
1 1292
1 1293
1 1294
1 1295
1 1296
1 1297
1 1298
1 1299
1 1300
1 1301
1 1302
1 1303
1 1304
1 1305
1 1306
1 1307
1 1308
1 1309
1 1310
1 1311
1 1312
1 1313
1 1314
1 1315
1 1316
1 1317
1 1318
1 1319
1 1320
1 1321
1 1322
1 1323
1 1324
1 1325
1 1326
1 1327
1 1328
1 1329
1 1330
1 1331
1 1332
1 1333
1 1334
1 1335
1 1336
1 1337
1 1338
1 1339
1 1340
1 1341
1 1342
1 1343
1 1344
1 1345
1 1346
1 1347
1 1348
1 1349
1 1350
1 1351
1 1352
1 1353
1 1354
1 1355
1 1356
1 1357
1 1358
1 1359
1 1360
1 1361
1 1362
1 1363
1 1364
1 1365
1 1366
1 1367
1 1368
1 1369
1 1370
1 1371
1 1372
1 1373
1 1374
1 1375
1 1376
1 1377
1 1378
1 1379
1 1380
1 1381
1 1382
1 1383
1 1384
1 1385
1 1386
1 1387
1 1388
1 1389
1 1390
1 1391
1 1392
1 1393
1 1394
1 1395
1 1396
1 1397
1 1398
1 1399
1 1400
1 1401
1 1402
1 1403
1 1404
1 1405
1 1406
1 1407
1 1408
1 1409
1 1410
1 1411
1 1412
1 1413
1 1414
1 1415
1 1416
1 1417
1 1418
1 1419
1 1420
1 1421
1 1422
1 1423
1 1424
1 1425
1 1426
1 1427
1 1428
1 1429
1 1430
1 1431
1 1432
1 1433
1 1434
1 1435
1 1436
1 1437
1 1438
1 1439
1 1440
1 1441
1 1442
1 1443
1 1444
1 1445
1 1446
1 1447
1 1448
1 1449
1 1450
1 1451
1 1452
1 1453
1 1454
1 1455
1 1456
1 1457
1 1458
1 1459
1 1460
1 1461
1 1462
1 1463
1 1464
1 1465
1 1466
1 1467
1 1468
1 1469
1 1470
1 1471
1 1472
1 1473
1 1474
1 1475
1 1476
1 1477
1 1478
1 1479
1 1480
1 1481
1 1482
1 1483
1 1484
1 1485
1 1486
1 1487
1 1488
1 1489
1 1490
1 1491
1 1492
1 1493
1 1494
1 1495
1 1496
1 1497
1 1498
1 1499
1 1500
1 1501
1 1502
1 1503
1 1504
1 1505
1 1506
1 1507
1 1508
1 1509
1 1510
1 1511
1 1512
1 1513
1 1514
1 1515
1 1516
1 1517
1 1518
1 1519
1 1520
1 1521
1 1522
1 1523
1 1524
1 1525
1 1526
1 1527
1 1528
1 1529
1 1530
1 1531
1 1532
1 1533
1 1534
1 1535
1 1536
1 1537
1 1538
1 1539
1 1540
1 1541
1 1542
1 1543
1 1544
1 1545
1 1546
1 1547
1 1548
1 1549
1 1550
1 1551
1 1552
1 1553
1 1554
1 1555
1 1556
1 1557
1 1558
1 1559
1 1560
1 1561
1 1562
1 1563
1 1564
1 1565
1 1566
1 1567
1 1568
1 1569
1 1570
1 1571
1 1572
1 1573
1 1574
1 1575
1 1576
1 1577
1 1578
1 1579
1 1580
1 1581
1 1582
1 1583
1 1584
1 1585
1 1586
1 1587
1 1588
1 1589
1 1590
1 1591
1 1592
1 1593
1 1594
1 1595
1 1596
1 1597
1 1598
1 1599
1 1600
1 1601
1 1602
1 1603
1 1604
1 1605
1 1606
1 1607
1 1608
1 1609
1 1610
1 1611
1 1612
1 1613
1 1614
1 1615
1 1616
1 1617
1 1618
1 1619
1 1620
1 1621
1 1622
1 1623
1 1624
1 1625
1 1626
1 1627
1 1628
1 1629
1 1630
1 1631
1 1632
1 1633
1 1634
1 1635
1 1636
1 1637
1 1638
1 1639
1 1640
1 1641
1 1642
1 1643
1 1644
1 1645
1 1646
1 1647
1 1648
1 1649
1 1650
1 1651
1 1652
1 1653
1 1654
1 1655
1 1656
1 1657
1 1658
1 1659
1 1660
1 1661
1 1662
1 1663
1 1664
1 1665
1 1666
1 1667
1 1668
1 1669
1 1670
1 1671
1 1672
1 1673
1 1674
1 1675
1 1676
1 1677
1 1678
1 1679
1 1680
1 1681
1 1682
1 1683
1 1684
1 1685
1 1686
1 1687
1 1688
1 1689
1 1690
1 1691
1 1692
1 1693
1 1694
1 1695
1 1696
1 1697
1 1698
1 1699
1 1700
1 1701
1 1702
1 1703
1 1704
1 1705
1 1706
1 1707
1 1708
1 1709
1 1710
1 1711
1 1712
1 1713
1 1714
1 1715
1 1716
1 1717
1 1718
1 1719
1 1720
1 1721
1 1722
1 1723
1 1724
1 1725
1 1726
1 1727
1 1728
1 1729
1 1730
1 1731
1 1732
1 1733
1 1734
1 1735
1 1736
1 1737
1 1738
1 1739
1 1740
1 1741
1 1742
1 1743
1 1744
1 1745
1 1746
1 1747
1 1748
1 1749
1 1750
1 1751
1 1752
1 1753
1 1754
1 1755
1 1756
1 1757
1 1758
1 1759
1 1760
1 1761
1 1762
1 1763
1 1764
1 1765
1 1766
1 1767
1 1768
1 1769
1 1770
1 1771
1 1772
1 1773
1 1774
1 1775
1 1776
1 1777
1 1778
1 1779
1 1780
1 1781
1 1782
1 1783
1 1784
1 1785
1 1786
1 1787
1 1788
1 1789
1 1790
1 1791
1 1792
1 1793
1 1794
1 1795
1 1796
1 1797
1 1798
1 1799
1 1800
1 1801
1 1802
1 1803
1 1804
1 1805
1 1806
1 1807
1 1808
1 1809
1 1810
1 1811
1 1812
1 1813
1 1814
1 1815
1 1816
1 1817
1 1818
1 1819
1 1820
1 1821
1 1822
1 1823
1 1824
1 1825
1 1826
1 1827
1 1828
1 1829
1 1830
1 1831
1 1832
1 1833
1 1834
1 1835
1 1836
1 1837
1 1838
1 1839
1 1840
1 1841
1 1842
1 1843
1 1844
1 1845
1 1846
1 1847
1 1848
1 1849
1 1850
1 1851
1 1852
1 1853
1 1854
1 1855
1 1856
1 1857
1 1858
1 1859
1 1860
1 1861
1 1862
1 1863
1 1864
1 1865
1 1866
1 1867
1 1868
1 1869
1 1870
1 1871
1 1872
1 1873
1 1874
1 1875
1 1876
1 1877
1 1878
1 1879
1 1880
1 1881
1 1882
1 1883
1 1884
1 1885
1 1886
1 1887
1 1888
1 1889
1 1890
1 1891
1 1892
1 1893
1 1894
1 1895
1 1896
1 1897
1 1898
1 1899
1 1900
1 1901
1 1902
1 1903
1 1904
1 1905
1 1906
1 1907
1 1908
1 1909
1 1910
1 1911
1 1912
1 1913
1 1914
1 1915
1 1916
1 1917
1 1918
1 1919
1 1920
1 1921
1 1922
1 1923
1 1924
1 1925
1 1926
1 1927
1 1928
1 1929
1 1930
1 1931
1 1932
1 1933
1 1934
1 1935
1 1936
1 1937
1 1938
1 1939
1 1940
1 1941
1 1942
1 1943
1 1944
1 1945
1 1946
1 1947
1 1948
1 1949
1 1950
1 1951
1 1952
1 1953
1 1954
1 1955
1 1956
1 1957
1 1958
1 1959
1 1960
1 1961
1 1962
1 1963
1 1964
1 1965
1 1966
1 1967
1 1968
1 1969
1 1970
1 1971
1 1972
1 1973
1 1974
1 1975
1 1976
1 1977
1 1978
1 1979
1 1980
1 1981
1 1982
1 1983
1 1984
1 1985
1 1986
1 1987
1 1988
1 1989
1 1990
1 1991
1 1992
1 1993
1 1994
1 1995
1 1996
1 1997
1 1998
1 1999
1 2000
1364 901
225 608
198 590
1400 709
970 1845
1896 136
277 714
1855 1565
1370 53
296 440
484 822
463 95
171 1075
1423 1967
397 1286
937 1364
1926 1751
179 1204
866 432
842 478
903 1701
1700 401
654 1316
787 791
1992 325
683 1807
1666 1319
778 1352
1599 1519
1081 1548
1940 231
638 748
757 1611
124 335
325 378
1268 605
607 1664
342 88
1544 1060
1385 338
136 1805
685 230
525 328
317 738
437 1152
289 485
1900 337
658 1889
1089 1897
922 486
596 1014
1921 1170
827 322
1872 579
1754 1330
258 310
105 1603
587 747
1225 1392
1213 1361
506 1585
1769 68
1209 574
1582 886
416 1845
783 586
410 1842
1125 858
1978 1839
738 288
727 1085
92 148
302 1501
666 120
688 626
353 1806
1078 911
1624 1272
1882 1944
1132 28
421 394
877 1283
1920 41
419 118
21 1855
763 1980
1339 1814
1782 1363
425 1322
1119 396
738 572
1024 1543
701 1357
502 431
1001 1295
407 92
356 4
482 1611
1727 951
1895 1695
1895 551
535 1573
1823 955
761 375
1412 1281
719 1172
1176 177
1861 1661
1613 317
1909 1219
486 618
1059 1840
856 1045
1067 1516
1397 39
1449 1110
8 1602
346 527
357 1633
197 1522
1785 735
1395 919
1864 1481
1573 864
1249 734
885 1672
58 99
866 1797
545 826
489 1197
1466 924
446 1717
1977 26
353 1559
1471 1165
1087 1478
1403 252
860 371
1729 1607
334 425
1564 1082
1227 1577
1074 1974
728 323
1123 1227
151 1918
892 997
1996 984
1427 583
184 155
1511 535
172 549
617 1310
1527 946
1137 884
1704 439
529 196
1751 1448
739 1892
999 1711
749 1504
1614 179
1166 1604
1176 1835
706 1323
548 1389
94 150
1941 443
1463 1347
746 740
846 290
614 1336
1745 1891
449 856
1461 1786
194 75
1840 640
1335 99
392 418
1679 1472
62 1210
649 1133
1590 1116
1396 229
590 295
502 1565
1454 754
744 1621
1591 693
100 454
601 1627
1855 1564
1460 1092
969 1796
1588 1573
1705 76
1828 1357
1559 1844
1572 730
1529 1151
799 288
394 444
542 1324
272 1966
978 1554
1353 955
963 1332
468 351
501 814
662 43
43 250
116 390
347 78
484 1373
890 1344
1447 1269
384 1811
464 188
359 1143
1194 51
486 636
1860 1228
992 391
1665 584
1939 1280
1065 1273
650 1971
982 1153
137 1165
1933 1077
480 178
1503 1465
1532 1056
1321 484
456 1338
1192 1491
1764 746
435 689
471 96
1910 1783
1310 1
1354 768
1035 1682
161 809
1763 216
1925 72
1202 1921
275 80
461 1096
921 563
46 532
1004 1566
466 58
1176 940
121 646
1207 1548
324 1765
1613 1980
1441 1812
913 192
1139 1851
466 316
197 1841
1831 388
1111 1684
1720 1625
1886 1298
1401 546
1910 1016
867 1988
1587 1245
1046 285
360 1756
1849 458
273 930
810 456
572 71
1710 1845
406 453
1608 1878
220 177
284 477
1968 1387
1533 472
527 828
557 1444
764 1785
838 1358
1747 1167
1451 618
1096 898
1700 624
860 1313
917 6
17 904
1662 1408
324 107
1215 1385
1604 1129
1003 274
33 602
1930 64
1154 1838
714 1667
1459 680
316 181
1001 1060
1024 1742
743 1345
1193 890
460 374
1531 995
899 695
1430 734
961 1369
129 1097
241 509
440 791
1933 1297
1996 389
1483 1347
156 1540
546 624
1832 763
382 46
1002 887
1850 605
962 286
4 289
1066 181
969 252
1165 647
1770 1250
1058 1724
203 1753
1462 1386
373 872
364 713
1592 1347
44 220
1262 1352
1942 1885
864 982
1287 1328
1665 1035
690 1231
1069 1027
653 1153
182 754
511 945
219 1344
139 1105
156 253
1507 754
1826 1488
494 729
297 1035
579 1102
1060 709
1162 1793
125 1473
119 1836
976 143
723 1538
743 637
937 756
1925 1092
1640 529
41 1915
515 1746
1833 1460
364 457
1465 1762
923 563
415 729
277 1198
523 1318
882 433
742 1308
874 1433
1882 1461
1661 873
570 1474
1984 919
402 653
1780 1165
930 1454
244 20
450 180
1594 1522
374 954
7 1200
160 1978
284 784
1388 1891
1587 1255
943 476
653 547
84 37
705 844
1615 373
964 76
115 1229
1615 1172
1195 804
1858 1417
772 482
1838 1469
1204 27
1378 1698
1517 1115
220 932
1356 279
993 844
859 772
1418 747
770 996
12 799
867 376
242 202
1440 1309
1632 496
997 1513
1100 1953
1795 539
1906 579
1054 1515
756 1405
806 735
1129 1140
791 1816
573 153
843 763
748 1910
1534 1910
36 1316
33 1147
381 1615
978 1565
652 936
168 646
1997 321
774 191
1989 1145
1864 582
1894 508
1180 1622
945 1164
365 208
41 231
1664 1780
1161 140
928 163
1201 1017
1635 80
970 963
1430 330
1620 42
1581 731
705 289
318 1977
1195 1934
979 458
1978 1243
1144 426
550 8
542 223
1075 700
1681 929
1840 507
1732 1316
487 646
473 544
895 319
374 683
1501 415
1600 1349
1303 1231
89 1414
646 115
796 1866
1335 207
1305 289
1610 1330
868 451
1148 1550
247 1007
1196 808
1322 943
1942 1454
1097 343
1436 164
60 1179
1953 1347
624 1627
1516 1474
375 1682
1239 1373
796 1448
812 1217
720 425
1180 250
530 574
288 1342
1108 791
1957 1992
51 123
300 1004
1027 1427
1931 1442
552 1363
1476 950
1694 1973
663 1555
1968 1470
1495 1386
1220 675
696 1364
663 1092
882 599
1895 336
565 1967
1867 324
382 645
1650 296
1240 1921
564 1003
857 1002
74 379
594 69
1483 274
1641 901
671 1562
1015 405
1792 1168
1174 1225
560 1565
711 1199
1372 1362
518 369
167 129
153 1876
1546 1577
1097 128
793 568
1500 1271
987 1554
1761 601
872 896
706 1040
1794 1574
51 1783
101 29
462 894
1096 1214
689 1780
1711 1789
528 187
1152 1418
53 450
1529 404
1414 510
1505 754
1265 8
1759 625
314 977
1620 868
559 1753
652 1965
1121 1404
166 1896
1937 1379
954 674
1460 1039
361 1039
1292 788
645 1616
1556 93
1814 1214
394 691
491 175
1185 301
1808 1191
832 1097
1507 1754
565 1090
1116 616
1805 1726
8 1717
1751 1862
1028 1228
1567 1952
628 705
1525 971
655 1152
1675 319
576 540
183 1872
1667 835
1394 1229
834 658
637 1079
847 1312
1094 907
493 142
1327 1260
1903 1136
246 1773
879 46
88 179
1866 1320
522 1810
1112 1799
887 1135
1463 499
946 211
1593 1986
1832 907
809 1100
1108 1761
92 811
210 1382
1127 502
1528 512
1319 338
1474 1935
57 1363
491 1541
1369 1843
1126 1229
1440 1383
203 874
795 416
1960 1121
296 328
1757 251
424 1631
665 1689
1795 527
482 74
59 1825
1036 393
803 1088
268 282
634 1003
1576 655
1838 1645
1279 1043
408 432
1110 1259
355 1013
349 902
1508 400
367 1868
300 38
503 740
605 1985
619 22
1955 696
1577 1542
409 875
927 470
1219 195
858 1962
997 1201
928 1735
235 1833
1760 370
1085 26
779 783
532 679
1630 1033
1730 1642
332 1234
1951 1614
610 566
511 306
4 230
527 1463
1704 671
93 1426
655 646
344 353
1603 1158
1742 733
694 1587
1018 1571
1236 1874
1946 727
1859 1605
1493 697
351 1199
1103 257
629 785
438 496
1032 73
1791 1638
415 302
1474 91
1356 482
1820 1980
1434 765
858 663
66 1887
1534 681
1337 415
1309 1117
1282 1856
1869 1150
1942 1580
1326 1022
793 840
185 695
1182 1523
974 409
1324 285
774 1620
1209 401
1808 1078
1859 940
677 505
1979 1154
1580 318
1387 1591
1062 251
82 301
1949 524
1119 1137
165 1403
1236 229
632 1257
810 1004
1298 702
1612 1758
563 966
1873 986
153 1642
837 1615
25 1335
986 1605
1175 956
1459 277
1754 71
467 1118
139 537
1711 365
1459 1300
1958 1007
1015 386
257 523
1618 1418
1467 1660
384 1854
1910 1829
1128 294
910 801
1107 1712
16 980
1308 557
707 1693
583 1253
1766 1593
1167 1808
261 475
1398 852
1028 1727
1082 341
766 433
1206 1262
1707 1622
867 22
296 1565
827 394
1366 1560
1742 752
275 1134
1051 871
158 1757
150 940
86 623
748 1505
647 435
1269 1695
1321 1866
196 1106
1188 1457
448 496
329 1363
775 247
473 1117
825 214
485 603
1805 1279
1440 1423
16 1997
210 987
265 641
660 1731
1236 117
1849 732
732 128
896 356
860 1728
1563 1020
1068 913
1049 1073
884 637
1044 1998
863 721
1736 585
286 437
1567 1949
1892 921
1988 900
198 609
1750 150
1428 1851
991 447
471 1498
1324 987
1415 523
323 1411
1376 435
238 432
496 675
1223 910
335 990
1013 1332
381 1742
419 101
1848 1188
524 214
1891 117
62 1949
1007 257
473 848
1075 405
1013 772
1108 71
1312 1908
1898 1641
1120 1953
278 932
1931 1382
610 205
1681 1659
73 507
1861 798
298 484
1019 1541
135 1035
1014 1973
745 1193
1559 1192
642 1662
822 1244
264 1302
1677 301
1216 1196
240 1008
1137 272
1445 1720
205 867
179 292
468 226
1636 860
1181 1691
819 595
1337 896
1312 973
38 750
143 1126
862 1627
1451 1220
1949 1245
1480 446
1541 1433
1967 1889
1142 1587
1050 1083
756 666
787 1582
1172 936
1463 592
461 436
1639 1656
1746 1239
735 705
819 1984
1628 1160
1871 1950
1531 1738
1162 775
1672 1751
1769 460
556 1347
1540 1183
479 767
1353 545
1327 1656
616 432
1692 1937
1934 865
911 1960
1089 1842
1414 785
1281 1807
425 1793
517 197
1082 1198
484 250
150 650
681 84
1544 136
639 1181
478 1203
819 273
982 700
1333 516
628 513
595 1293
716 613
374 500
1056 684
277 1350
1132 1243
336 164
1524 1440
1102 1641
544 407
1607 1274
41 1284
1165 962
1140 1136
1809 236
453 31
455 1728
1219 112
850 625
1941 1655
1455 129
774 340
283 1757
31 1373
1674 358
408 1191
1573 327
458 1449
1525 56
739 1578
715 419
382 515
49 1507
285 1315
827 1003
827 1165
1838 769
1897 472
815 616
1030 1279
307 1630
1366 591
1711 226
1336 924
1646 844
1895 1058
1011 983
1808 358
1483 893
421 2
772 596
1724 212
321 1638
1643 1310
1759 956
1348 1838
1882 1591
789 1719
495 1100
1651 50
127 317
1349 636
1056 1653
391 1123
254 1274
1294 1089
1983 660
1199 583
501 109
1852 539
1296 570
1373 1188
424 368
273 1647
553 553
872 1192
766 1630
1164 196
1259 1699
824 1993
1029 939
1461 410
9 216
355 107
667 1308
1340 1821
155 1965
1845 320
1812 1092
74 1315
441 1485
520 1972
1712 1137
684 541
842 1157
1119 856
58 1688
1160 1927
914 134
427 2000
908 1603
550 634
1502 1186
413 9
1100 307
1591 1641
1659 444
371 352
417 1099
1538 1440
1413 952
847 958
1361 853
1790 580
177 31
298 1671
1711 533
519 289
886 975
1372 926
381 896
341 1187
1841 319
1362 652
104 668
691 810
455 1313
177 1502
1791 260
15 1633
1722 1205
364 1138
1238 761
875 579
1176 289
788 1843
1038 1836
228 914
746 1555
982 974
719 768
1831 483
962 1932
1058 1273
257 368
255 1157
1644 1184
1258 1256
1201 141
1087 1178
428 321
1127 1420
128 1549
895 1681
829 458
50 1710
1369 1525
1074 106
1989 376
54 793
829 788
1278 522
1769 575
287 1071
456 102
921 9
1288 1486
889 1406
1235 1667
1659 159
1022 1854
1110 1857
61 480
227 849
1744 175
1418 884
1918 1185
719 1492
969 949
1916 1493
1276 1576
160 579
1276 36
1770 1324
1000 917
1917 1464
1991 1365
1754 1358
1650 1582
1990 442
1746 1557
622 1801
810 767
1743 68
886 1419
567 768
201 1520
1787 625
1788 745
624 793
998 1790
629 1453
813 651
871 1091
858 1136
287 231
1975 1135
520 614
1405 743
1500 541
1476 614
372 1252
1875 81
69 876
1087 1146
1325 935
1861 1830
1914 574
1345 1594
2000 195
1608 1960
1125 1115
354 357
659 3
603 135
177 853
989 1800
1258 1613
1442 1301
1033 860
1182 823
1949 1273
33 1111
408 1189
1765 1163
1459 1109
83 12
653 792
61 1471
1766 192
1956 1878
1054 1523
1845 1180
115 608
1744 603
1557 1676
1027 946
1531 625
91 2
28 233
933 1631
363 211
760 608
1714 1302
1815 1045
1766 1910
982 186
439 1448
1773 89
832 337
1813 510
1649 826
1957 976
358 1937
1313 1017
1917 687
1963 1434
777 1607
1371 702
1342 207
1076 1364
113 830
504 1892
515 14
233 932
254 446
475 1534
1290 1086
44 223
1649 331
1456 456
925 1410
1900 1776
752 1068
814 751
93 1464
1887 820
1472 282
15 1954
1344 606
1928 1748
401 157
163 1270
1252 786
532 316
1626 107
221 1205
1506 582
626 1218
487 452
1418 1150
718 530
1937 649
942 1217
1313 977
1667 660
65 855
187 1957
1200 836
916 792
1953 1745
1458 453
1699 1456
1907 844
1730 165
669 1402
224 1661
1736 1182
600 1641
669 1781
1842 777
778 1678
1450 918
1100 1115
960 1010
425 143
1163 91
1918 1803
477 1944
291 424
1586 1556
265 343
1131 589
299 1655
430 939
998 1241
678 1477
667 93
463 717
10 1777
313 301
1824 926
732 821
1680 1018
1653 805
247 1059
1585 889
1419 65
964 73
1400 1909
1196 401
1330 1268
1702 578
1172 297
1960 1664
115 619
1060 73
1790 1796
202 519
1680 1768
1541 551
1676 1291
1254 1042
1280 977
871 13
108 415
1596 1126
1477 1286
309 751
1812 833
1218 1319
530 71
530 283
1755 1325
1149 1980
915 1289
1644 1125
647 1850
1482 1986
166 289
364 87
1667 765
1906 618
1359 1981
1802 217
1796 688
240 294
237 439
983 1257
174 1765
236 319
1954 1403
557 1456
502 1637
1681 223
84 619
812 1786
1291 340
770 155
1219 1068
484 1690
170 1446
297 491
1727 1567
890 1315
1153 472
1126 390
1715 438
884 1594
449 124
200 1317
1981 539
930 828
1595 821
922 1070
1175 628
602 1061
199 512
8 1768
854 1774
702 1759
66 208
257 212
1811 515
1887 1549
1873 925
855 215
1104 977
176 969
862 1553
852 1247
1497 1572
39 1617
1227 1659
1074 1748
860 1204
203 255
1231 955
1346 1415
1308 410
990 1265
610 1999
1911 1546
1822 1121
1776 832
1540 1293
1412 121
1083 579
660 1971
900 503
400 1399
1439 1667
178 427
994 386
1245 1125
1239 86
649 1527
950 1239
189 1386
1196 499
882 1331
1467 1023
1951 815
1678 1962
213 375
304 1839
1649 1152
864 413
629 846
305 1525
53 989
1756 1352
385 1367
1579 1367
1514 1426
1765 1288
137 1507
215 547
367 1365
1340 1506
1771 415
1554 184
711 716
1736 32
1102 1053
924 1305
883 1085
192 683
1117 776
963 166
453 1103
1175 1148
1373 810
563 1421
291 1475
318 867
463 562
288 62
53 1622
1612 1308
1427 1734
1034 529
1695 506
1030 1201
1367 1733
1898 773
478 544
648 1355
1734 5
487 141
1021 81
1401 1702
1536 956
1499 546
1754 859
1735 2
920 1148
893 1427
1271 1875
192 204
1673 1139
1292 1303
1079 66
1346 1251
223 1364
376 1448
1356 883
266 537
840 709
760 1875
1071 1125
491 1958
25 1016
592 1514
1981 1236
215 1896
1906 314
1250 158
1757 1352
838 764
1782 1775
277 1354
1065 1319
34 763
1144 672
221 1214
141 357
1407 1952
490 1420
454 1781
815 1973
1827 934
794 421
1616 1168
1465 181
99 811
1733 1232
754 844
110 1422
674 1474
1048 1951
704 1072
426 1953
1090 1781
1503 1893
69 1578
813 717
856 1890
1311 95
1116 16
1845 373
248 1119
73 295
1010 1100
582 1333
1602 1161
1183 1283
291 1894
1037 1082
369 1251
105 1339
1278 868
1325 1830
1359 1646
136 582
1210 338
644 721
1990 1984
1028 2000
717 803
1022 1194
1233 51
1711 1344
1879 1061
1918 1075
1351 1248
1437 959
598 425
543 1095
1332 1827
1853 1934
1160 207
779 704
888 1754
99 1287
979 930
936 1942
290 1328
1658 106
1095 460
1851 947
1022 1498
1304 1350
224 1752
1776 1437
1675 1300
85 1404
857 467
1915 201
902 604
310 1793
932 316
1331 1001
158 208
590 183
265 1955
1662 1745
980 1546
1689 1163
277 1073
796 1591
1797 1722
748 1157
388 848
664 169
1512 1479
1624 11
368 647
1698 140
153 1770
1632 660
751 770
1331 1267
443 385
64 1552
766 1289
424 921
1524 658
767 1927
44 1842
1092 1880
192 153
1210 1910
568 1534
1340 981
1205 518
857 180
787 1984
1800 1671
85 782
1950 840
407 1425
523 905
1083 1160
656 1936
1213 1731
390 706
1370 903
1715 1407
1011 37
141 830
1869 534
5 564
1417 1509
1821 578
1322 256
1860 449
1374 1276
1718 1124
1656 858
1935 1411
1165 1069
1147 1128
1011 1033
1351 1905
1703 10
375 781
1698 264
1626 361
1949 559
91 806
1910 253
1953 1428
1515 1673
1788 451
1075 648
422 1878
1366 133
338 54
72 276
185 134
1212 450
1214 1902
1781 1971
296 77
1225 425
292 1594
1405 337
1588 1404
1926 742
1544 595
1918 425
1716 1841
175 139
618 1240
404 636
933 1534
1028 1897
1601 558
1548 1815
621 1905
1510 322
1473 1397
1138 1672
469 1143
1819 1763
1998 1740
694 505
961 637
560 1263
315 432
1512 1336
29 1583
1651 1177
1601 510
369 299
911 635
1906 884
1001 1880
1418 25
1348 608
349 1381
1527 753
1086 1724
1743 353
90 542
1288 310
209 212
1681 325
19 236
1739 733
217 218
1961 560
1680 255
60 378
1088 1050
553 604
1487 1337
1293 310
1146 1299
525 853
135 1249
1180 1184
1538 73
680 1383
15 1217
1002 153
1852 1735
1150 593
1612 1256
632 664
1658 489
913 1016
991 1498
1572 1233
790 61
1758 713
957 1933
306 1703
306 1701
1105 22
1431 177
115 1539
1728 414
1294 517
1691 829
895 289
977 781
85 1645
309 1799
1507 1300
1344 868
21 277
833 1409
566 113
125 902
1693 23
287 1725
1202 986
1432 1984
347 1261
1815 292
1446 1607
1642 480
1264 621
750 296
1023 1409
626 181
351 1551
19 917
1636 204
382 365
495 486
840 300
859 659
1245 1268
683 1464
1036 944
274 1634
266 836
312 1154
1525 954
1186 579
929 1200
1379 1803
1455 1746
1430 217
26 1537
405 126
751 424
1371 1823
589 987
138 560
668 1224
1414 110
1640 1823
1773 1503
1353 676
172 789
1968 433
1647 1497
1256 302
1686 1553
27 1851
1916 1671
1792 436
1430 1150
841 1902
6 1594
1076 1689
1820 949
71 337
392 1668
293 506
1447 478
938 1691
1977 976
153 1269
267 765
1335 635
653 1743
875 701
1487 1033
1204 479
78 791
984 1613
1209 876
436 175
1945 310
225 1753
1204 1619
1695 1954
376 1833
1319 743
526 1267
1464 1284
1938 667
316 1085
1516 1124
1883 1919
126 26
1121 474
1974 1498
1132 1863
315 1195
1081 1840
1287 1302
1974 597
1060 1676
1318 1166
105 1601
329 1075
1561 662
1155 145
1115 12
749 727
799 413
1376 557
1088 1802
724 480
1096 525
1045 455
748 1881
1541 999
911 741
1721 161
923 1389
1344 572
670 561
1704 1612
1504 1946
1092 62
723 454
177 761
810 442
198 648
382 689
1842 1524
266 1476
455 1177
1029 1375
1099 1636
215 566
299 1035
1798 953
1742 261
755 1974
1845 1375
1098 1963
1601 54
1607 377
1115 1776
524 1159
935 1685
353 1306
1037 1806
1236 1533
68 831
1258 75
1449 1624
359 82
70 776
1724 1331
902 137
43 363
480 1699
992 1936
1818 507
693 1506
894 500
460 1028
1666 924
1022 245
1425 1508
240 1291
279 1732
375 988
1398 215
883 320
577 1751
1035 1696
1312 1923
1827 804
12 218
337 610
698 1973
848 23
163 1599
502 618
1996 1703
357 1477
739 960
1796 1639
313 886
907 785
1963 635
315 94
997 168
71 1191
1372 709
559 360
1707 698
1374 126
1737 679
1225 939
131 247
470 979
1115 1843
892 542
1863 314
1037 882
324 166
670 1378
1541 906
895 237
61 1241
1488 219
1446 577
650 386
1137 165
1830 1492
143 1072
31 458
583 1429
31 1440
1500 1216
702 1799
226 637
576 452
1400 741
1732 89
1851 417
1690 299
363 581
1647 722
259 758
1378 128
1114 252
1590 705
1610 1002
1089 1747
1717 1284
1914 1002
439 449
1155 1364
179 1246
1166 1562
1308 1179
1238 1560
392 719
793 1194
1207 870
251 467
1865 420
106 1450
1816 518
326 1718
1430 161
74 1107
39 1530
1724 1078
1269 1418
212 1476
1723 1451
1002 1540
1616 97
1482 979
1797 1140
1895 1309
143 1199
702 659
911 644
862 1566
229 1304
1473 99
14 1648
1696 1669
849 652
629 1538
808 272
1238 1221
359 225
1436 1282
686 562
1215 1061
43 1407
726 931
1092 765
1415 20
990 853
1990 292
13 1973
1150 1980
132 769
667 1302
1267 949
735 149
737 1258
374 1635
571 568
