1000
144
18
64
160
12
136
36
72
68
1280
1088
32
1028
1026
34
16
34
1026
528
258
136
160
512
5
33
16
144
4
24
1280
260
72
96
8
12
6
66
0
129
1280
384
258
192
72
264
8
132
24
68
12
516
72
256
514
136
8
1152
130
80
5
68
576
80
192
1056
4
516
384
768
6
17
8
516
10
1
520
144
80
272
544
576
512
6
18
160
40
18
512
80
136
272
1026
1028
160
260
130
132
0
2
264
18
2
40
4
3
80
0
36
512
1026
18
64
130
516
2
2
128
514
288
640
132
1536
192
513
6
2
1032
1056
1536
96
8
5
1025
1032
256
72
32
1280
264
320
1040
1056
257
9
20
10
16
20
2
72
768
18
1152
0
264
1040
320
6
17
33
576
1040
6
1032
8
3
8
1
4
512
33
8
1088
1088
320
68
1
40
34
512
1
1025
6
576
1536
514
512
6
288
2
544
0
34
1026
4
272
65
1536
128
1088
513
1032
129
96
66
3
1536
544
18
640
130
576
1
5
384
1026
5
20
1088
8
9
1088
1028
48
64
48
192
36
0
1536
1028
20
1032
516
260
6
40
144
2
1026
20
258
16
32
20
258
3
20
516
1028
1536
34
1032
17
64
34
5
1056
1280
40
20
72
1024
12
258
129
10
12
6
8
288
17
272
80
160
136
258
1032
512
768
136
130
768
18
129
544
36
1025
6
1040
16
5
130
1040
128
4
6
160
36
514
1152
17
528
20
4
192
260
1088
129
64
257
513
514
33
320
68
72
1280
258
32
520
288
513
576
1032
320
5
1088
264
40
513
1
129
96
48
2
160
36
80
160
1
10
72
20
20
96
257
544
1040
1026
1280
144
288
544
66
544
20
1056
264
33
3
1032
1028
258
520
1040
2
0
576
144
33
48
32
136
136
384
288
65
33
288
6
516
160
1056
768
0
36
264
260
32
5
1040
3
36
72
12
640
80
24
528
272
512
24
20
1026
1028
513
24
640
130
1025
12
66
64
1280
20
272
48
257
20
64
132
128
1032
514
4
17
66
514
264
96
64
33
192
520
132
24
34
512
384
576
12
516
6
260
6
512
17
513
272
1536
1280
288
24
256
1032
17
96
144
1152
1
512
1026
2
96
12
576
272
1026
1032
256
192
5
512
68
130
192
64
130
1024
1025
3
17
65
640
0
12
640
1025
80
384
130
1280
17
1536
192
257
32
5
20
36
264
1040
320
320
520
33
5
1152
136
130
1056
1088
18
17
1152
0
80
1088
0
1280
129
64
132
3
258
33
130
512
513
8
520
144
1280
8
576
12
96
1025
80
320
1040
65
10
272
1024
520
5
144
128
1032
1028
1536
20
16
516
1280
288
24
1
17
17
10
264
260
160
20
10
1536
144
96
514
17
1040
24
33
1152
320
48
136
1025
96
68
1056
264
288
1024
65
3
576
1088
12
1536
12
260
1025
1152
160
4
9
768
3
5
258
256
514
20
40
9
130
2
66
1024
264
520
3
48
33
1024
1088
512
144
260
256
257
256
516
32
130
256
17
1152
130
258
72
0
128
16
24
2
264
32
544
256
768
128
576
129
258
17
66
33
48
1056
66
160
260
160
288
288
192
12
4
12
192
0
40
1032
1025
1026
2
132
1152
96
96
1152
640
128
130
6
72
1040
136
260
3
513
288
288
264
24
65
320
96
1536
768
17
10
136
5
1026
513
320
66
272
9
544
32
20
160
8
1280
4
132
6
17
516
514
136
520
1280
1
128
1025
3
512
6
1536
3
66
260
1280
68
1024
256
288
80
256
64
34
1088
1040
192
1056
40
1152
384
768
260
160
576
1025
72
68
12
640
128
66
48
136
96
2
1024
1280
18
20
36
640
1536
1056
640
576
288
260
640
528
144
1024
1280
256
65
128
24
520
1028
1028
65
68
132
36
80
320
768
272
0
96
2
18
96
1056
1032
1536
5
129
10
10
3
1152
1028
384
68
516
1280
80
96
8
1024
64
1028
1
1056
640
516
5
0
40
544
258
1536
34
129
0
10
144
17
272
1024
576
8
1024
576
68
1280
516
1026
130
2
18
0
12
4
544
640
136
384
72
34
256
192
12
129
72
1040
8
16
80
1088
640
18
34
514
264
1056
80
18
384
640
24
6
1152
768
24
528
640
3
64
1152
72
1536
6
20
768
66
1032
260
16
66
32
260
8
72
260
1040
1024
256
160
1024
1152
5
8
65
48
10
320
513
528
12
65
513
3
1
272
258
20
18
136
66
34
130
36
4
96
4
24
1152
384
1152
260
1025
12
20
512
192
768
264
9
288
5
3
40
1024
544
544
34
640
32
1032
32
72
1028
48
64
80
513
65
9
66
1032
1
9
10
1040
1028
144
520
72
1032
1
320
80
5
32
3
132
130
96
144
257
10
128
1
96
513
516
514
257
514
264
4
48
36
xYxYxFxWxYxYxFxYxYxWxWxWxWxWxFxWxFxFxYxYxWxWxWxYxYxWxWxWxFxYxYxWxYxWxFxYxYxWxWxFxFxYxFxW(xYxYxFxYxWxWxWxFxYxW(xWxYxFxY(xWxFxWxWxYxFx)FxYxFxWx)FxFxWxYxYxFxYxFxWx)WxWxYxYxWxYxWxFxYxYxWxYxYxWxWxWxWxWxYxYxWxWxFxFxWxWxFxYxFxWxFxWxYxFxWxYxYxWxWxWxFxYxYxFxFxWxFxFxWxWxWxWxFxYxWxWxWxYxYxFxFxYxWxWxYxYxFxFxYxWxFxWxY(xFxWxFxWxFxWxYxFxWxWxYxFxFxYxFx)WxWxFxFxWxFxWxYxFxFxWxYxFxWxYxYxFxFxYxWxFxYxYxFxYxWxWxWxYxYxFxWxWxWxFxWxYxFxWxFxFxWxWxWxWxYxWxFxFxWxWxWxYxFxWxWxFxYxFxWxYxFxFxWxWxFxFxYxYxFxWxWxYxWxFxYxWxFxFxYxFxFxWxFxWxYxYxWxFxWxFxFxYxWxWxWxYxYxWxWxFxWxFxFxWxFxFxWxWxYxYxFxYxWxYxWxWxYxFxWxWxWxW(xYxFxYx)Y(xFxWxWxFxYxFxFxWxWxYxFxWxWxWxYxFxWxFxWx)WxYxFxYxWxFxWxFxWxYxWxFxWxYxWxYxFxYxYxFxWxYxWxYxYxFxWxFxW(xYxFxYxYxFxWxWxYxWxWxYxY(x)Fx)FxYxWxYxWxWxFxYxFxYxWxFxFxYxFxYxW(x)FxYxYxFxWxFxFxYxFxYxWxFxWxFxFxYxYxFxWxFxWxWxFxWxYxFxWxFxFxYxWxFxWxYxWxWxFxWxWxWxWxFxY(xFxYxYxWxYxF(xFxWxFxY(x)FxWxWxFxYxFxWxYxYxFx)YxFxWxWxFxWxYxWxWx)WxYxFxWxFxYxYxWxYxYxFxFxYxWxWxF(xYxWxWxWxFxYxWxWxFxYxYxWxWxWxFxYxYx)WxWxFxFxYxWxFxWxFxWxYxYxFxWxYxYxF(xWxYxYxFxWxWxYxWxFxWxYxYxFxYxFxWxFxFxWx)WxWxYxWxWxW(xFxWxWxWxYxFxYxFxFxWxFxWx)FxWxYxFxWxWxWxFxYxWxFxYxYxFxFxWxWxWxWxYxYxWxYxFxFxWxYxWxWxWxFxFxYxWxYxFxWxFxYxYxFxWxWxWxYxFxYxWxFxWxYxFxWxYxWxFxYxWxWxYxFxFxYxYxWxYxWxYxWxYxYxWxYxFxFxYxFxWxYxFxYxYxFxWxFxYxFxWxYxFxYxWxFxYxFxWxFxYxYxWxFxFxWxFxYxFxYxFxWxWxYxFxYxFxWxYxFxWxFxFxYxFxFxWxFxFxWxFxFxYxYxFxWxFxYxFxFxWxWxFxYxYxWxWxFxWxYxFxYxWxWxFxFxWxWxFxYxWxYxWxFxFxWxWxFxWxWxWxYxYxWxYxYxWxWxWxFxFxWxYxWxFxYxWxFxWxWxWxFxFxWxWxW(xWxYxWxFxFxWxYxWxYxWxYxFxYx)FxWxFxFxWxWxFxWxFxWxWxYxFxYxYxWxYxFxFxYxWxWxYxFxWxFxYxFxFxYxWxWxYxYxFxWxFxFxWxYxFxWxFxWxYxFxYxYxFxWxFxWxFxYxFxFxY(x)WxFxYxFxFxYxWxFxYxYxWxFxYxYxFxFxWxYxYxFxWxYxWxWxYxYxWxFxYxWxFxYxFxWxFxFxYxWxYxFxYxYxWxYxYxFxYxWxYxWxYxYxFxYxWxWxWxWxWxYxWxYxWxYxWxWxWxYxFxFxWxWxYxWxYxYxWxFxWxYxWxWxWxFxYxWxW(xYxWxYxFxWxFxWxYxYxWxYxYxFxYxWxWxFxYxFxYx)YxWxWxWxFxWxFxYxFxFxWxFxWxWxWxYxYxWxFxWxYxFxYxFxWxWxYxFxYxFxFxWxWxYxFxFxWxFxY(xFxYxFxWx)FxWxFxYxFxFxYxWxFxYxWxFxWxYxYxWxWxFxYxWxWxYxWxYxWxFxFxYxWxYxYxW(xYxYxWxFxWxWxWxWxYxWx)YxWxYxWxYxFxWxFxFxYxWxWxYxWxFx
