2000 2000
1 2
2 3
3 4
4 5
5 6
6 7
7 8
8 9
9 10
10 11
11 12
12 13
13 14
14 15
15 16
16 17
17 18
18 19
19 20
20 21
21 22
22 23
23 24
24 25
25 26
26 27
27 28
28 29
29 30
30 31
31 32
32 33
33 34
34 35
35 36
36 37
37 38
38 39
39 40
40 41
41 42
42 43
43 44
44 45
45 46
46 47
47 48
48 49
49 50
50 51
51 52
52 53
53 54
54 55
55 56
56 57
57 58
58 59
59 60
60 61
61 62
62 63
63 64
64 65
65 66
66 67
67 68
68 69
69 70
70 71
71 72
72 73
73 74
74 75
75 76
76 77
77 78
78 79
79 80
80 81
81 82
82 83
83 84
84 85
85 86
86 87
87 88
88 89
89 90
90 91
91 92
92 93
93 94
94 95
95 96
96 97
97 98
98 99
99 100
100 101
101 102
102 103
103 104
104 105
105 106
106 107
107 108
108 109
109 110
110 111
111 112
112 113
113 114
114 115
115 116
116 117
117 118
118 119
119 120
120 121
121 122
122 123
123 124
124 125
125 126
126 127
127 128
128 129
129 130
130 131
131 132
132 133
133 134
134 135
135 136
136 137
137 138
138 139
139 140
140 141
141 142
142 143
143 144
144 145
145 146
146 147
147 148
148 149
149 150
150 151
151 152
152 153
153 154
154 155
155 156
156 157
157 158
158 159
159 160
160 161
161 162
162 163
163 164
164 165
165 166
166 167
167 168
168 169
169 170
170 171
171 172
172 173
173 174
174 175
175 176
176 177
177 178
178 179
179 180
180 181
181 182
182 183
183 184
184 185
185 186
186 187
187 188
188 189
189 190
190 191
191 192
192 193
193 194
194 195
195 196
196 197
197 198
198 199
199 200
200 201
201 202
202 203
203 204
204 205
205 206
206 207
207 208
208 209
209 210
210 211
211 212
212 213
213 214
214 215
215 216
216 217
217 218
218 219
219 220
220 221
221 222
222 223
223 224
224 225
225 226
226 227
227 228
228 229
229 230
230 231
231 232
232 233
233 234
234 235
235 236
236 237
237 238
238 239
239 240
240 241
241 242
242 243
243 244
244 245
245 246
246 247
247 248
248 249
249 250
250 251
251 252
252 253
253 254
254 255
255 256
256 257
257 258
258 259
259 260
260 261
261 262
262 263
263 264
264 265
265 266
266 267
267 268
268 269
269 270
270 271
271 272
272 273
273 274
274 275
275 276
276 277
277 278
278 279
279 280
280 281
281 282
282 283
283 284
284 285
285 286
286 287
287 288
288 289
289 290
290 291
291 292
292 293
293 294
294 295
295 296
296 297
297 298
298 299
299 300
300 301
301 302
302 303
303 304
304 305
305 306
306 307
307 308
308 309
309 310
310 311
311 312
312 313
313 314
314 315
315 316
316 317
317 318
318 319
319 320
320 321
321 322
322 323
323 324
324 325
325 326
326 327
327 328
328 329
329 330
330 331
331 332
332 333
333 334
334 335
335 336
336 337
337 338
338 339
339 340
340 341
341 342
342 343
343 344
344 345
345 346
346 347
347 348
348 349
349 350
350 351
351 352
352 353
353 354
354 355
355 356
356 357
357 358
358 359
359 360
360 361
361 362
362 363
363 364
364 365
365 366
366 367
367 368
368 369
369 370
370 371
371 372
372 373
373 374
374 375
375 376
376 377
377 378
378 379
379 380
380 381
381 382
382 383
383 384
384 385
385 386
386 387
387 388
388 389
389 390
390 391
391 392
392 393
393 394
394 395
395 396
396 397
397 398
398 399
399 400
400 401
401 402
402 403
403 404
404 405
405 406
406 407
407 408
408 409
409 410
410 411
411 412
412 413
413 414
414 415
415 416
416 417
417 418
418 419
419 420
420 421
421 422
422 423
423 424
424 425
425 426
426 427
427 428
428 429
429 430
430 431
431 432
432 433
433 434
434 435
435 436
436 437
437 438
438 439
439 440
440 441
441 442
442 443
443 444
444 445
445 446
446 447
447 448
448 449
449 450
450 451
451 452
452 453
453 454
454 455
455 456
456 457
457 458
458 459
459 460
460 461
461 462
462 463
463 464
464 465
465 466
466 467
467 468
468 469
469 470
470 471
471 472
472 473
473 474
474 475
475 476
476 477
477 478
478 479
479 480
480 481
481 482
482 483
483 484
484 485
485 486
486 487
487 488
488 489
489 490
490 491
491 492
492 493
493 494
494 495
495 496
496 497
497 498
498 499
499 500
500 501
501 502
502 503
503 504
504 505
505 506
506 507
507 508
508 509
509 510
510 511
511 512
512 513
513 514
514 515
515 516
516 517
517 518
518 519
519 520
520 521
521 522
522 523
523 524
524 525
525 526
526 527
527 528
528 529
529 530
530 531
531 532
532 533
533 534
534 535
535 536
536 537
537 538
538 539
539 540
540 541
541 542
542 543
543 544
544 545
545 546
546 547
547 548
548 549
549 550
550 551
551 552
552 553
553 554
554 555
555 556
556 557
557 558
558 559
559 560
560 561
561 562
562 563
563 564
564 565
565 566
566 567
567 568
568 569
569 570
570 571
571 572
572 573
573 574
574 575
575 576
576 577
577 578
578 579
579 580
580 581
581 582
582 583
583 584
584 585
585 586
586 587
587 588
588 589
589 590
590 591
591 592
592 593
593 594
594 595
595 596
596 597
597 598
598 599
599 600
600 601
601 602
602 603
603 604
604 605
605 606
606 607
607 608
608 609
609 610
610 611
611 612
612 613
613 614
614 615
615 616
616 617
617 618
618 619
619 620
620 621
621 622
622 623
623 624
624 625
625 626
626 627
627 628
628 629
629 630
630 631
631 632
632 633
633 634
634 635
635 636
636 637
637 638
638 639
639 640
640 641
641 642
642 643
643 644
644 645
645 646
646 647
647 648
648 649
649 650
650 651
651 652
652 653
653 654
654 655
655 656
656 657
657 658
658 659
659 660
660 661
661 662
662 663
663 664
664 665
665 666
666 667
667 668
668 669
669 670
670 671
671 672
672 673
673 674
674 675
675 676
676 677
677 678
678 679
679 680
680 681
681 682
682 683
683 684
684 685
685 686
686 687
687 688
688 689
689 690
690 691
691 692
692 693
693 694
694 695
695 696
696 697
697 698
698 699
699 700
700 701
701 702
702 703
703 704
704 705
705 706
706 707
707 708
708 709
709 710
710 711
711 712
712 713
713 714
714 715
715 716
716 717
717 718
718 719
719 720
720 721
721 722
722 723
723 724
724 725
725 726
726 727
727 728
728 729
729 730
730 731
731 732
732 733
733 734
734 735
735 736
736 737
737 738
738 739
739 740
740 741
741 742
742 743
743 744
744 745
745 746
746 747
747 748
748 749
749 750
750 751
751 752
752 753
753 754
754 755
755 756
756 757
757 758
758 759
759 760
760 761
761 762
762 763
763 764
764 765
765 766
766 767
767 768
768 769
769 770
770 771
771 772
772 773
773 774
774 775
775 776
776 777
777 778
778 779
779 780
780 781
781 782
782 783
783 784
784 785
785 786
786 787
787 788
788 789
789 790
790 791
791 792
792 793
793 794
794 795
795 796
796 797
797 798
798 799
799 800
800 801
801 802
802 803
803 804
804 805
805 806
806 807
807 808
808 809
809 810
810 811
811 812
812 813
813 814
814 815
815 816
816 817
817 818
818 819
819 820
820 821
821 822
822 823
823 824
824 825
825 826
826 827
827 828
828 829
829 830
830 831
831 832
832 833
833 834
834 835
835 836
836 837
837 838
838 839
839 840
840 841
841 842
842 843
843 844
844 845
845 846
846 847
847 848
848 849
849 850
850 851
851 852
852 853
853 854
854 855
855 856
856 857
857 858
858 859
859 860
860 861
861 862
862 863
863 864
864 865
865 866
866 867
867 868
868 869
869 870
870 871
871 872
872 873
873 874
874 875
875 876
876 877
877 878
878 879
879 880
880 881
881 882
882 883
883 884
884 885
885 886
886 887
887 888
888 889
889 890
890 891
891 892
892 893
893 894
894 895
895 896
896 897
897 898
898 899
899 900
900 901
901 902
902 903
903 904
904 905
905 906
906 907
907 908
908 909
909 910
910 911
911 912
912 913
913 914
914 915
915 916
916 917
917 918
918 919
919 920
920 921
921 922
922 923
923 924
924 925
925 926
926 927
927 928
928 929
929 930
930 931
931 932
932 933
933 934
934 935
935 936
936 937
937 938
938 939
939 940
940 941
941 942
942 943
943 944
944 945
945 946
946 947
947 948
948 949
949 950
950 951
951 952
952 953
953 954
954 955
955 956
956 957
957 958
958 959
959 960
960 961
961 962
962 963
963 964
964 965
965 966
966 967
967 968
968 969
969 970
970 971
971 972
972 973
973 974
974 975
975 976
976 977
977 978
978 979
979 980
980 981
981 982
982 983
983 984
984 985
985 986
986 987
987 988
988 989
989 990
990 991
991 992
992 993
993 994
994 995
995 996
996 997
997 998
998 999
999 1000
1000 1001
1001 1002
1002 1003
1003 1004
1004 1005
1005 1006
1006 1007
1007 1008
1008 1009
1009 1010
1010 1011
1011 1012
1012 1013
1013 1014
1014 1015
1015 1016
1016 1017
1017 1018
1018 1019
1019 1020
1020 1021
1021 1022
1022 1023
1023 1024
1024 1025
1025 1026
1026 1027
1027 1028
1028 1029
1029 1030
1030 1031
1031 1032
1032 1033
1033 1034
1034 1035
1035 1036
1036 1037
1037 1038
1038 1039
1039 1040
1040 1041
1041 1042
1042 1043
1043 1044
1044 1045
1045 1046
1046 1047
1047 1048
1048 1049
1049 1050
1050 1051
1051 1052
1052 1053
1053 1054
1054 1055
1055 1056
1056 1057
1057 1058
1058 1059
1059 1060
1060 1061
1061 1062
1062 1063
1063 1064
1064 1065
1065 1066
1066 1067
1067 1068
1068 1069
1069 1070
1070 1071
1071 1072
1072 1073
1073 1074
1074 1075
1075 1076
1076 1077
1077 1078
1078 1079
1079 1080
1080 1081
1081 1082
1082 1083
1083 1084
1084 1085
1085 1086
1086 1087
1087 1088
1088 1089
1089 1090
1090 1091
1091 1092
1092 1093
1093 1094
1094 1095
1095 1096
1096 1097
1097 1098
1098 1099
1099 1100
1100 1101
1101 1102
1102 1103
1103 1104
1104 1105
1105 1106
1106 1107
1107 1108
1108 1109
1109 1110
1110 1111
1111 1112
1112 1113
1113 1114
1114 1115
1115 1116
1116 1117
1117 1118
1118 1119
1119 1120
1120 1121
1121 1122
1122 1123
1123 1124
1124 1125
1125 1126
1126 1127
1127 1128
1128 1129
1129 1130
1130 1131
1131 1132
1132 1133
1133 1134
1134 1135
1135 1136
1136 1137
1137 1138
1138 1139
1139 1140
1140 1141
1141 1142
1142 1143
1143 1144
1144 1145
1145 1146
1146 1147
1147 1148
1148 1149
1149 1150
1150 1151
1151 1152
1152 1153
1153 1154
1154 1155
1155 1156
1156 1157
1157 1158
1158 1159
1159 1160
1160 1161
1161 1162
1162 1163
1163 1164
1164 1165
1165 1166
1166 1167
1167 1168
1168 1169
1169 1170
1170 1171
1171 1172
1172 1173
1173 1174
1174 1175
1175 1176
1176 1177
1177 1178
1178 1179
1179 1180
1180 1181
1181 1182
1182 1183
1183 1184
1184 1185
1185 1186
1186 1187
1187 1188
1188 1189
1189 1190
1190 1191
1191 1192
1192 1193
1193 1194
1194 1195
1195 1196
1196 1197
1197 1198
1198 1199
1199 1200
1200 1201
1201 1202
1202 1203
1203 1204
1204 1205
1205 1206
1206 1207
1207 1208
1208 1209
1209 1210
1210 1211
1211 1212
1212 1213
1213 1214
1214 1215
1215 1216
1216 1217
1217 1218
1218 1219
1219 1220
1220 1221
1221 1222
1222 1223
1223 1224
1224 1225
1225 1226
1226 1227
1227 1228
1228 1229
1229 1230
1230 1231
1231 1232
1232 1233
1233 1234
1234 1235
1235 1236
1236 1237
1237 1238
1238 1239
1239 1240
1240 1241
1241 1242
1242 1243
1243 1244
1244 1245
1245 1246
1246 1247
1247 1248
1248 1249
1249 1250
1250 1251
1251 1252
1252 1253
1253 1254
1254 1255
1255 1256
1256 1257
1257 1258
1258 1259
1259 1260
1260 1261
1261 1262
1262 1263
1263 1264
1264 1265
1265 1266
1266 1267
1267 1268
1268 1269
1269 1270
1270 1271
1271 1272
1272 1273
1273 1274
1274 1275
1275 1276
1276 1277
1277 1278
1278 1279
1279 1280
1280 1281
1281 1282
1282 1283
1283 1284
1284 1285
1285 1286
1286 1287
1287 1288
1288 1289
1289 1290
1290 1291
1291 1292
1292 1293
1293 1294
1294 1295
1295 1296
1296 1297
1297 1298
1298 1299
1299 1300
1300 1301
1301 1302
1302 1303
1303 1304
1304 1305
1305 1306
1306 1307
1307 1308
1308 1309
1309 1310
1310 1311
1311 1312
1312 1313
1313 1314
1314 1315
1315 1316
1316 1317
1317 1318
1318 1319
1319 1320
1320 1321
1321 1322
1322 1323
1323 1324
1324 1325
1325 1326
1326 1327
1327 1328
1328 1329
1329 1330
1330 1331
1331 1332
1332 1333
1333 1334
1334 1335
1335 1336
1336 1337
1337 1338
1338 1339
1339 1340
1340 1341
1341 1342
1342 1343
1343 1344
1344 1345
1345 1346
1346 1347
1347 1348
1348 1349
1349 1350
1350 1351
1351 1352
1352 1353
1353 1354
1354 1355
1355 1356
1356 1357
1357 1358
1358 1359
1359 1360
1360 1361
1361 1362
1362 1363
1363 1364
1364 1365
1365 1366
1366 1367
1367 1368
1368 1369
1369 1370
1370 1371
1371 1372
1372 1373
1373 1374
1374 1375
1375 1376
1376 1377
1377 1378
1378 1379
1379 1380
1380 1381
1381 1382
1382 1383
1383 1384
1384 1385
1385 1386
1386 1387
1387 1388
1388 1389
1389 1390
1390 1391
1391 1392
1392 1393
1393 1394
1394 1395
1395 1396
1396 1397
1397 1398
1398 1399
1399 1400
1400 1401
1401 1402
1402 1403
1403 1404
1404 1405
1405 1406
1406 1407
1407 1408
1408 1409
1409 1410
1410 1411
1411 1412
1412 1413
1413 1414
1414 1415
1415 1416
1416 1417
1417 1418
1418 1419
1419 1420
1420 1421
1421 1422
1422 1423
1423 1424
1424 1425
1425 1426
1426 1427
1427 1428
1428 1429
1429 1430
1430 1431
1431 1432
1432 1433
1433 1434
1434 1435
1435 1436
1436 1437
1437 1438
1438 1439
1439 1440
1440 1441
1441 1442
1442 1443
1443 1444
1444 1445
1445 1446
1446 1447
1447 1448
1448 1449
1449 1450
1450 1451
1451 1452
1452 1453
1453 1454
1454 1455
1455 1456
1456 1457
1457 1458
1458 1459
1459 1460
1460 1461
1461 1462
1462 1463
1463 1464
1464 1465
1465 1466
1466 1467
1467 1468
1468 1469
1469 1470
1470 1471
1471 1472
1472 1473
1473 1474
1474 1475
1475 1476
1476 1477
1477 1478
1478 1479
1479 1480
1480 1481
1481 1482
1482 1483
1483 1484
1484 1485
1485 1486
1486 1487
1487 1488
1488 1489
1489 1490
1490 1491
1491 1492
1492 1493
1493 1494
1494 1495
1495 1496
1496 1497
1497 1498
1498 1499
1499 1500
1500 1501
1501 1502
1502 1503
1503 1504
1504 1505
1505 1506
1506 1507
1507 1508
1508 1509
1509 1510
1510 1511
1511 1512
1512 1513
1513 1514
1514 1515
1515 1516
1516 1517
1517 1518
1518 1519
1519 1520
1520 1521
1521 1522
1522 1523
1523 1524
1524 1525
1525 1526
1526 1527
1527 1528
1528 1529
1529 1530
1530 1531
1531 1532
1532 1533
1533 1534
1534 1535
1535 1536
1536 1537
1537 1538
1538 1539
1539 1540
1540 1541
1541 1542
1542 1543
1543 1544
1544 1545
1545 1546
1546 1547
1547 1548
1548 1549
1549 1550
1550 1551
1551 1552
1552 1553
1553 1554
1554 1555
1555 1556
1556 1557
1557 1558
1558 1559
1559 1560
1560 1561
1561 1562
1562 1563
1563 1564
1564 1565
1565 1566
1566 1567
1567 1568
1568 1569
1569 1570
1570 1571
1571 1572
1572 1573
1573 1574
1574 1575
1575 1576
1576 1577
1577 1578
1578 1579
1579 1580
1580 1581
1581 1582
1582 1583
1583 1584
1584 1585
1585 1586
1586 1587
1587 1588
1588 1589
1589 1590
1590 1591
1591 1592
1592 1593
1593 1594
1594 1595
1595 1596
1596 1597
1597 1598
1598 1599
1599 1600
1600 1601
1601 1602
1602 1603
1603 1604
1604 1605
1605 1606
1606 1607
1607 1608
1608 1609
1609 1610
1610 1611
1611 1612
1612 1613
1613 1614
1614 1615
1615 1616
1616 1617
1617 1618
1618 1619
1619 1620
1620 1621
1621 1622
1622 1623
1623 1624
1624 1625
1625 1626
1626 1627
1627 1628
1628 1629
1629 1630
1630 1631
1631 1632
1632 1633
1633 1634
1634 1635
1635 1636
1636 1637
1637 1638
1638 1639
1639 1640
1640 1641
1641 1642
1642 1643
1643 1644
1644 1645
1645 1646
1646 1647
1647 1648
1648 1649
1649 1650
1650 1651
1651 1652
1652 1653
1653 1654
1654 1655
1655 1656
1656 1657
1657 1658
1658 1659
1659 1660
1660 1661
1661 1662
1662 1663
1663 1664
1664 1665
1665 1666
1666 1667
1667 1668
1668 1669
1669 1670
1670 1671
1671 1672
1672 1673
1673 1674
1674 1675
1675 1676
1676 1677
1677 1678
1678 1679
1679 1680
1680 1681
1681 1682
1682 1683
1683 1684
1684 1685
1685 1686
1686 1687
1687 1688
1688 1689
1689 1690
1690 1691
1691 1692
1692 1693
1693 1694
1694 1695
1695 1696
1696 1697
1697 1698
1698 1699
1699 1700
1700 1701
1701 1702
1702 1703
1703 1704
1704 1705
1705 1706
1706 1707
1707 1708
1708 1709
1709 1710
1710 1711
1711 1712
1712 1713
1713 1714
1714 1715
1715 1716
1716 1717
1717 1718
1718 1719
1719 1720
1720 1721
1721 1722
1722 1723
1723 1724
1724 1725
1725 1726
1726 1727
1727 1728
1728 1729
1729 1730
1730 1731
1731 1732
1732 1733
1733 1734
1734 1735
1735 1736
1736 1737
1737 1738
1738 1739
1739 1740
1740 1741
1741 1742
1742 1743
1743 1744
1744 1745
1745 1746
1746 1747
1747 1748
1748 1749
1749 1750
1750 1751
1751 1752
1752 1753
1753 1754
1754 1755
1755 1756
1756 1757
1757 1758
1758 1759
1759 1760
1760 1761
1761 1762
1762 1763
1763 1764
1764 1765
1765 1766
1766 1767
1767 1768
1768 1769
1769 1770
1770 1771
1771 1772
1772 1773
1773 1774
1774 1775
1775 1776
1776 1777
1777 1778
1778 1779
1779 1780
1780 1781
1781 1782
1782 1783
1783 1784
1784 1785
1785 1786
1786 1787
1787 1788
1788 1789
1789 1790
1790 1791
1791 1792
1792 1793
1793 1794
1794 1795
1795 1796
1796 1797
1797 1798
1798 1799
1799 1800
1800 1801
1801 1802
1802 1803
1803 1804
1804 1805
1805 1806
1806 1807
1807 1808
1808 1809
1809 1810
1810 1811
1811 1812
1812 1813
1813 1814
1814 1815
1815 1816
1816 1817
1817 1818
1818 1819
1819 1820
1820 1821
1821 1822
1822 1823
1823 1824
1824 1825
1825 1826
1826 1827
1827 1828
1828 1829
1829 1830
1830 1831
1831 1832
1832 1833
1833 1834
1834 1835
1835 1836
1836 1837
1837 1838
1838 1839
1839 1840
1840 1841
1841 1842
1842 1843
1843 1844
1844 1845
1845 1846
1846 1847
1847 1848
1848 1849
1849 1850
1850 1851
1851 1852
1852 1853
1853 1854
1854 1855
1855 1856
1856 1857
1857 1858
1858 1859
1859 1860
1860 1861
1861 1862
1862 1863
1863 1864
1864 1865
1865 1866
1866 1867
1867 1868
1868 1869
1869 1870
1870 1871
1871 1872
1872 1873
1873 1874
1874 1875
1875 1876
1876 1877
1877 1878
1878 1879
1879 1880
1880 1881
1881 1882
1882 1883
1883 1884
1884 1885
1885 1886
1886 1887
1887 1888
1888 1889
1889 1890
1890 1891
1891 1892
1892 1893
1893 1894
1894 1895
1895 1896
1896 1897
1897 1898
1898 1899
1899 1900
1900 1901
1901 1902
1902 1903
1903 1904
1904 1905
1905 1906
1906 1907
1907 1908
1908 1909
1909 1910
1910 1911
1911 1912
1912 1913
1913 1914
1914 1915
1915 1916
1916 1917
1917 1918
1918 1919
1919 1920
1920 1921
1921 1922
1922 1923
1923 1924
1924 1925
1925 1926
1926 1927
1927 1928
1928 1929
1929 1930
1930 1931
1931 1932
1932 1933
1933 1934
1934 1935
1935 1936
1936 1937
1937 1938
1938 1939
1939 1940
1940 1941
1941 1942
1942 1943
1943 1944
1944 1945
1945 1946
1946 1947
1947 1948
1948 1949
1949 1950
1950 1951
1951 1952
1952 1953
1953 1954
1954 1955
1955 1956
1956 1957
1957 1958
1958 1959
1959 1960
1960 1961
1961 1962
1962 1963
1963 1964
1964 1965
1965 1966
1966 1967
1967 1968
1968 1969
1969 1970
1970 1971
1971 1972
1972 1973
1973 1974
1974 1975
1975 1976
1976 1977
1977 1978
1978 1979
1979 1980
1980 1981
1981 1982
1982 1983
1983 1984
1984 1985
1985 1986
1986 1987
1987 1988
1988 1989
1989 1990
1990 1991
1991 1992
1992 1993
1993 1994
1994 1995
1995 1996
1996 1997
1997 1998
1998 1999
1999 2000
304 142
833 282
1587 1422
281 130
1204 24
1147 1193
1799 51
1517 1542
882 1462
1143 1146
1132 1495
467 341
1543 1470
224 991
601 1738
96 1898
1201 1891
598 274
1632 1820
1213 370
1607 1437
1547 900
172 36
1473 1961
1528 42
1760 438
1983 80
285 552
1276 767
45 1065
170 315
299 916
1782 1641
1773 1052
1016 1406
1769 1607
1397 1684
284 851
34 111
913 437
442 1980
1980 1469
969 323
897 194
1650 1358
1823 1380
1012 1573
647 504
1184 226
13 1321
1618 85
877 1
894 1553
1584 1129
1800 746
1110 666
1876 916
1909 350
700 685
1790 207
62 705
798 63
12 1446
605 20
1686 1452
633 1849
769 1445
1352 1306
1413 824
1813 928
1061 1156
1515 1838
987 1105
544 439
1569 484
528 747
678 1420
770 537
38 1354
1939 931
176 1455
739 1999
1807 239
1488 1437
618 492
1445 176
1033 432
1511 1174
703 95
4 788
1698 190
1063 955
1689 905
265 1842
1656 1351
1330 1931
172 1257
1826 746
1380 1482
773 1346
749 222
577 1237
1989 768
451 1268
185 327
1205 33
1929 1990
1938 1512
859 637
431 247
1898 1915
1247 873
1296 1857
500 1018
1559 696
864 1293
831 1322
1448 1369
96 995
838 212
44 1698
562 1516
163 1163
267 1251
1264 1456
1020 34
757 882
879 467
1492 453
228 63
1196 675
1998 387
871 1637
1823 480
1072 395
1859 256
79 1233
137 148
1358 1349
1957 1220
641 1301
691 1207
1492 1582
538 304
1090 5
416 448
715 290
186 664
941 774
1561 1807
1786 620
375 335
161 1567
876 483
133 703
1721 1641
982 214
916 355
1064 1840
95 1250
105 1326
43 622
1723 1670
1271 853
875 1198
1436 587
1776 400
1389 310
193 1586
1764 1126
633 1584
263 815
1853 1808
1140 1871
218 1999
1686 1886
1274 656
870 1867
1443 28
1773 1596
1475 1036
1719 60
1009 1648
694 1564
294 105
876 705
883 865
881 380
833 464
1466 1610
542 1947
701 248
1055 291
203 1726
139 1280
11 494
915 161
1180 251
641 1486
84 1876
1005 1950
753 690
779 1205
1427 1627
1030 1512
1690 1001
1276 1404
102 850
716 1076
732 273
791 440
1286 298
149 1348
498 1908
481 333
868 235
1810 1189
1149 92
1389 1348
1485 1850
1579 1675
1236 1227
503 369
297 1430
1183 1101
868 133
1617 166
361 1779
1139 330
304 964
954 1593
1539 578
614 1714
511 529
1119 1474
755 718
218 15
1628 729
1135 310
77 1535
1478 1529
318 285
1939 172
468 165
1806 113
906 1916
259 564
1787 1103
1277 479
289 1791
1472 1039
978 931
405 1760
698 1490
753 796
430 1372
114 548
1991 707
1601 454
1088 1550
658 1901
968 486
651 1257
1728 1343
45 1519
622 1767
924 1503
1152 1066
111 693
592 820
823 1475
1342 982
1379 1933
831 492
1115 576
1495 740
346 1878
703 260
861 542
745 1138
859 703
898 564
1882 103
1247 1299
1270 945
109 132
1343 1039
363 1260
1143 1436
1138 1971
490 941
653 1625
1301 1792
908 1811
776 326
1384 1184
325 1339
552 439
1296 1619
557 1887
289 340
80 913
1995 1866
1548 495
852 1705
453 1074
1767 342
959 1197
488 1843
1414 1395
1679 1197
447 1486
43 1346
294 1055
614 1273
555 362
278 743
848 767
506 1244
195 579
1409 612
1351 797
1551 1339
551 726
834 1746
321 60
57 1592
158 167
242 442
316 1950
1660 970
1347 136
1173 1094
1245 1196
1259 811
317 97
1539 255
1684 1825
476 1335
776 764
794 1111
5 1719
1782 1353
847 1732
775 1071
649 350
548 376
102 946
758 1911
1726 1981
309 495
1018 560
191 150
1561 1135
1217 1460
1600 1033
626 1867
361 773
1866 1298
870 822
69 1526
72 1963
1354 1448
1680 1579
820 1017
431 328
847 1797
1033 57
1882 655
1554 163
1419 250
1791 624
1668 737
492 331
559 1079
528 1627
901 1817
1469 1407
1957 724
38 1544
92 1951
1116 1726
281 1724
1742 876
1831 1625
1156 1134
666 338
313 1724
1135 704
673 554
340 773
216 1898
1978 1450
1149 893
1174 1095
1754 52
283 454
1437 935
1910 953
681 1201
1690 332
229 1765
1057 1979
661 1346
231 506
731 629
1007 1536
1547 1096
1805 1158
1580 519
451 370
1427 837
605 456
166 589
1469 378
1762 1650
64 1205
221 1663
1946 812
1991 1149
1530 1066
1587 792
1911 925
1582 112
277 30
1401 134
680 1913
172 211
700 867
749 1836
573 1910
360 287
853 1051
859 313
50 223
852 1320
1901 350
931 1982
1999 1375
1693 1793
152 1303
1220 908
1608 1370
634 357
1587 818
310 443
1177 900
1316 1926
963 1508
956 1148
1231 422
137 859
691 1932
218 1005
952 465
1756 1876
1609 534
926 1203
893 1181
1808 385
1570 535
662 69
1322 1890
465 1076
1275 1519
1453 1983
244 921
1082 426
1051 1680
1417 925
174 124
229 221
480 895
1695 1227
1329 1798
1492 691
1621 624
1725 1681
523 1918
1452 169
693 101
476 1363
448 1610
1870 1260
1759 210
509 1999
1747 1752
497 1805
1494 8
731 544
282 1472
1894 818
1604 247
970 1693
468 951
1019 937
208 1427
1036 258
443 944
1778 1374
1854 889
710 252
355 1210
1095 623
970 716
1308 542
374 1877
1717 1744
1392 882
1378 44
1544 1045
1089 1705
549 104
922 464
1596 675
1074 537
1919 138
1022 843
1133 536
316 857
841 1589
21 345
1123 804
311 1142
143 1586
1187 1658
491 1195
977 1477
1391 1330
1424 912
254 700
811 959
571 1454
1320 185
365 831
1289 1401
724 1136
210 1647
1008 142
1956 843
1876 254
181 1917
1065 274
705 455
1995 1899
285 1158
225 1367
1553 1265
609 432
915 1671
1058 1291
784 1948
1267 1375
1904 1177
1208 1346
1229 556
1484 346
1529 516
17 1382
357 6
1832 32
1407 1057
545 129
847 233
365 1809
415 1871
659 346
155 1336
1363 460
1969 264
1163 1251
624 1796
845 1719
1535 1541
1634 189
1893 328
487 1193
1969 1115
547 447
1799 1860
1202 514
1190 436
1800 1532
856 57
60 342
670 1135
1337 842
138 1236
1340 377
1043 516
210 1790
1575 614
1003 958
480 194
1655 347
266 293
1905 32
1071 1173
1003 963
598 220
529 136
837 100
360 953
303 1979
815 1383
1536 90
1315 1299
40 1384
1789 7
32 1292
220 290
1326 957
881 1542
691 1051
677 995
683 277
712 1773
1362 521
418 1640
1204 938
181 879
256 1954
1289 1872
1851 4
610 1651
322 321
1399 986
1367 932
613 1668
56 1790
1721 1795
1423 432
140 889
1588 358
48 97
646 1945
1280 159
1634 50
1287 1766
113 825
497 1657
1719 1295
38 653
242 1656
764 1014
1657 1307
198 1116
1332 1058
282 699
1296 1783
935 408
536 433
1403 762
1448 965
1032 1753
281 388
201 1900
726 1206
1190 1843
1902 411
1976 218
1881 105
844 1639
1920 51
646 644
393 1780
1964 722
134 1159
480 1713
158 978
258 1876
1597 65
1294 1575
395 269
1946 1869
1434 1462
595 283
969 52
1124 546
1516 32
93 754
616 760
846 589
1801 854
600 1939
1309 1925
1819 172
98 1815
683 1532
578 1091
1479 1012
693 94
1284 1887
1279 202
719 1786
371 1781
1498 1788
1396 745
2 887
53 708
371 1518
609 370
419 1004
1556 1087
121 1009
286 141
1710 754
479 142
1987 449
1360 35
304 1163
1276 964
1481 1780
690 1673
1971 657
323 1735
826 322
507 1374
32 294
1455 1166
452 878
1356 1796
1132 1095
1204 655
191 823
831 1936
320 1733
1502 67
1017 910
210 960
949 521
1187 1277
1611 1122
451 180
521 701
920 1238
714 1776
1895 734
143 1328
716 879
1435 516
329 1432
153 1126
103 1714
1962 414
257 17
1269 1199
118 1934
1954 383
1943 293
303 1515
1453 95
118 370
1375 955
378 82
368 16
1670 1547
834 927
1898 820
1457 263
964 1873
1693 689
1356 1961
1979 411
672 771
568 1411
750 1512
1505 1084
1225 1448
714 608
1889 188
1279 918
478 615
66 1168
669 1134
993 258
1070 185
607 1783
1587 521
70 533
39 770
1720 316
1908 480
1810 864
243 786
1128 517
393 766
677 1495
578 1453
683 86
406 718
542 1036
1972 1593
594 1224
340 1555
440 185
1371 1203
682 581
47 1305
783 415
1477 1596
746 1910
1889 331
1039 946
433 643
607 1253
222 1338
542 677
652 1084
1995 1053
1608 398
1939 1285
836 892
723 1107
1943 1558
1399 872
1162 1239
1245 134
399 38
218 538
1059 1928
1535 699
153 17
1903 1154
1038 331
1943 384
610 1449
1259 923
249 388
662 334
278 407
805 48
1512 101
519 360
1548 983
1668 1284
1751 695
1815 801
1151 1273
1080 444
984 1191
143 459
1428 764
1767 1983
1604 201
1816 1437
319 852
290 386
1701 1204
860 609
1230 1594
883 1716
84 296
570 1333
1549 1920
248 593
255 715
898 596
1410 199
1363 443
1932 208
1745 443
1768 1775
1511 1809
742 1391
913 444
937 509
437 1357
1767 1754
506 1821
1478 536
996 1762
1191 187
1129 192
391 386
400 860
1605 1627
219 630
1205 1593
1513 1792
339 1357
170 1866
401 1179
890 1641
1435 1766
1820 1728
1028 950
888 432
715 1487
790 1286
1975 1086
1797 1299
565 1319
1843 1760
1142 765
125 1038
1679 1955
76 1482
822 609
1497 894
162 1862
621 916
295 1380
76 1363
240 179
1915 26
1871 380
159 1395
1709 676
1890 1826
1182 1298
1311 913
548 1646
414 1313
1727 155
1982 1126
670 930
1333 1948
1743 1371
1313 313
81 363
1940 1416
921 164
987 901
698 1953
676 397
1706 792
440 753
464 1346
303 488
454 1744
1189 1227
1971 944
1374 512
542 809
1308 77
1886 1262
1777 1711
342 666
922 1956
1837 1767
4 1644
1138 608
49 1327
53 1363
1570 143
209 188
1651 424
733 1060
1087 1896
42 419
1314 454
1167 1683
1254 1880
1659 566
1292 29
1415 437
1694 497
1547 784
171 72
38 664
399 1482
88 660
1777 1787
1347 1447
440 1608
971 109
1413 551
1543 457
913 662
707 1381
903 604
453 1215
1772 930
938 1560
773 1498
61 299
304 566
501 1069
48 808
1543 1190
914 600
1200 448
1778 1947
1572 774
1959 1184
1616 187
817 413
1558 851
1908 621
1215 1382
1519 1250
732 1123
695 655
1780 1063
278 853
1437 253
1445 753
257 998
873 427
1027 466
1805 115
1168 1500
1997 255
1940 1175
1489 408
341 591
1403 865
1533 1455
1843 1582
1990 1034
986 427
126 32
95 1636
721 20
947 1113
1328 319
1463 640
1036 1090
774 1111
1384 1523
1491 526
14 280
1786 889
1796 1511
1001 1232
733 174
1537 1428
1791 10
394 1451
47 420
258 1193
504 1456
380 825
452 1553
235 1646
508 229
158 1560
1329 1518
1400 1395
983 1157
861 628
1647 1071
1371 116
1293 253
1816 1999
1182 286
1972 269
970 262
1658 1966
1903 1735
1140 1601
1058 704
499 1384
180 1430
1053 1830
1911 543
1869 1507
938 1068
760 511
349 1911
980 1696
1640 1615
1709 1445
1742 1504
647 894
668 893
54 1080
861 938
1882 961
1841 1575
1642 1284
461 1128
218 1499
1501 478
1777 1069
97 626
796 534
573 1540
1861 1387
1322 1263
1884 895
481 1810
481 1074
1283 420
1952 1068
548 1302
1850 70
93 1039
1356 1278
1159 1694
1567 655
1705 980
1641 1536
1512 1115
580 233
929 1327
385 885
1042 704
721 1380
1756 969
1890 653
1647 1772
1961 932
198 355
796 1472
1563 741
1476 897
1438 1633
107 333
1388 367
581 1379
543 1383
1881 655
904 1824
1941 1520
621 574
1767 1543
1780 778
1015 1394
1460 797
1946 407
1179 1603
1630 992
1412 1343
13 244
1472 117
1986 1647
954 1978
241 1034
1114 922
354 747
1550 1565
1725 400
1995 53
816 3
1277 1070
1733 1182
1226 688
919 1042
184 249
646 1437
1160 387
1615 347
1214 183
1246 215
1462 360
559 724
340 1648
1353 1788
894 1826
1586 1474
1460 1279
1310 1061
1457 379
742 1570
1627 1867
1417 1340
1072 1761
52 1851
112 938
791 1661
296 1566
330 1415
508 109
1203 1215
1993 826
1526 1767
1890 895
1893 305
1655 1280
1388 1881
1300 1664
524 811
1318 851
458 1076
754 763
147 1741
206 77
816 836
1219 1497
1124 1756
606 1016
1610 1386
1821 1709
579 1669
258 1765
1545 982
1585 207
1367 1825
358 493
1369 1588
1023 533
1173 496
659 1943
1024 503
662 1872
721 1045
1171 1082
1368 421
437 1352
1117 421
558 851
1451 963
577 1508
1860 1844
1292 166
353 1932
1283 1823
1983 1531
1961 1248
867 658
168 1991
1086 1019
1986 1203
1159 1705
1641 506
524 1721
568 1106
134 1249
1270 938
1003 61
93 386
1093 652
1817 489
847 380
666 711
801 1643
673 435
1796 1816
1013 270
1168 86
1179 286
700 1585
1609 538
303 1923
88 1398
1079 1919
462 840
142 1227
273 1787
1170 1073
1718 1099
1759 1091
539 164
228 50
1443 1173
399 190
1857 1847
1547 478
1413 1426
1034 1020
1177 1885
1084 50
881 1625
1912 1224
1340 1914
231 1165
280 312
591 1968
715 1476
1871 762
1489 128
854 1505
22 1083
1140 1147
591 1208
1964 546
1585 293
1872 1856
1523 901
202 1958
725 546
589 1805
211 437
125 770
1417 1848
1161 194
671 21
944 1306
12 1044
206 1192
414 1437
1303 515
878 1143
1781 864
720 909
38 1790
39 786
1161 146
1475 1100
1203 313
1457 1036
1352 130
612 714
558 647
1929 1666
1291 1330
246 119
83 1903
1467 1442
1591 748
887 1099
893 778
1537 1674
1570 887
1982 282
221 1750
806 1344
737 940
1680 1308
403 851
1121 1374
1568 587
941 903
1207 125
1202 330
282 1140
1254 242
1209 891
1652 1386
1684 379
437 1035
1586 1925
1385 1952
42 116
1057 1462
431 327
264 1401
695 796
632 624
1753 1924
1509 1483
1259 564
1514 258
1320 278
1471 359
754 264
861 679
1092 1011
884 384
607 1296
288 539
189 1423
1238 282
1596 1292
918 1550
1921 646
726 128
303 1006
712 1457
43 1300
590 47
362 1564
820 371
1974 677
213 1497
58 903
241 1121
1851 163
1933 680
920 1565
306 1630
1928 734
819 663
1099 1132
1556 1976
686 38
495 696
1648 1504
324 379
1238 1106
1924 618
1068 284
1586 1621
1441 692
676 1456
1494 1427
1559 1912
1080 1539
872 1932
1350 251
656 1646
1158 1740
1695 855
1400 1086
862 931
549 1520
514 1987
1158 754
36 1337
1849 131
548 1946
819 1918
1460 50
870 569
1603 862
1247 707
1185 1563
1078 328
652 262
1033 1207
61 740
1717 957
1925 936
364 1525
1394 1724
644 165
37 807
1638 322
1429 923
474 1099
1644 495
1279 857
613 1275
285 1919
1772 1267
1639 1890
626 1263
1120 789
1593 490
819 1545
242 1031
1270 1161
1156 201
1245 476
1933 1295
1003 1228
1732 1337
491 140
1682 529
1308 1174
1316 1485
1737 812
902 868
106 1489
1493 1166
916 145
1247 1580
266 994
1196 462
849 1118
1677 791
1011 1752
1901 1832
1923 834
682 2000
264 577
777 888
100 1304
1135 1872
381 1636
820 717
1573 683
284 206
1753 870
1949 1541
988 1105
1027 436
1149 1730
825 295
1208 1096
1871 220
572 734
858 1568
506 623
1408 225
1753 1853
1290 540
1261 1684
1997 1477
1818 350
495 1088
1992 16
1414 531
1435 1251
1180 245
1109 1037
1879 1311
498 971
1825 585
574 269
1644 311
1136 1329
690 1112
832 674
1270 79
459 176
1459 1771
1541 77
1553 1787
799 1696
790 1401
1414 1847
463 140
1183 427
1979 639
524 1564
1232 854
1236 392
495 185
237 1115
1617 273
116 1170
613 128
391 170
440 1072
349 1663
1527 43
1881 1396
1997 648
823 1627
401 1631
1776 1373
372 1580
1700 1852
354 1282
1329 146
1927 158
754 817
1042 1897
1085 1170
381 1236
728 218
100 1393
626 410
1287 431
1972 1909
1636 679
377 749
220 1175
923 1891
1441 34
819 1952
906 1556
1603 835
1807 534
1497 237
331 1741
1000 1340
1285 663
986 1097
68 688
1614 411
76 175
1173 408
372 319
257 1994
677 757
463 956
1511 603
1372 371
1591 1033
970 627
1787 1236
404 648
1761 1986
339 1598
1598 943
546 1411
11 655
478 826
976 1601
1747 1109
1862 1884
535 53
670 1455
303 1789
1180 107
647 119
1858 479
433 405
562 606
1765 849
1296 947
1973 1426
1727 1730
1724 1077
382 1206
1686 1251
911 939
1157 1457
211 615
944 94
1617 1472
797 1551
575 497
297 112
90 647
638 963
864 807
850 1429
581 1255
1509 67
1920 619
1670 1403
823 1658
525 635
873 1334
1201 973
154 878
20 1478
775 1745
818 1353
1436 1682
1933 1236
11 1080
14 536
558 1814
260 1202
324 3
171 1598
1810 18
1711 617
1632 487
139 1771
1754 1573
1993 1562
48 365
1479 1881
1719 533
1550 332
1820 619
1551 549
776 184
601 351
1507 777
101 1798
360 894
1284 1423
802 1879
193 857
661 1456
1367 1530
1586 1786
171 488
212 1746
240 1715
326 1791
728 1822
356 211
1783 952
824 19
854 1231
1041 1079
453 603
1791 214
165 1347
926 1195
662 1933
837 1673
1589 253
1754 1793
1447 1921
1688 1113
1824 1632
1821 473
1915 119
31 871
378 897
470 259
256 565
1833 384
1663 1259
1316 1774
1169 400
1961 171
1488 41
1941 1272
665 593
340 1498
1145 1691
1859 589
1097 1902
521 1559
230 1441
857 1574
101 1818
1391 846
708 1199
312 1608
182 1419
1130 1245
307 1143
521 1923
5 124
984 1725
1802 1058
1386 1762
881 1742
1719 1215
601 1969
598 127
1257 1948
698 736
1276 1617
1892 784
1078 468
846 1675
733 578
486 1147
1133 714
1273 250
1192 1407
952 563
1435 1726
562 1917
1298 828
1247 178
697 744
953 1824
161 1053
1723 273
170 1821
1512 1890
232 444
214 127
876 669
1639 1100
1020 85
879 799
460 620
959 1515
1595 1179
765 1638
1073 1890
1041 1176
1492 1940
584 66
368 1182
205 957
1435 1653
986 1387
662 1480
329 1875
1335 253
1525 676
1494 1083
705 1198
1775 900
1346 1228
188 499
957 1591
648 1263
1134 643
1576 1506
1499 307
563 621
1569 810
414 1962
685 533
1582 829
1639 1501
644 1596
1738 610
1418 641
193 1518
1456 1679
396 1844
722 616
1463 792
1666 1583
442 1406
1548 1335
1337 1525
799 1606
188 1647
993 1724
364 961
725 878
536 917
307 1039
1882 1346
1627 1335
1129 207
1369 653
177 609
346 486
534 520
485 1798
1115 1109
997 316
720 238
1026 1575
1788 1941
1517 1888
110 1782
672 797
1636 627
1089 1580
1030 1702
990 409
1701 1760
918 1870
1976 1955
131 1820
1832 874
1339 603
1857 1213
1503 980
850 379
722 1895
1220 1474
294 1022
1878 478
800 1339
889 1686
1416 771
571 44
690 465
1413 1497
96 1009
1715 1047
611 235
1806 1986
237 55
949 209
1942 148
1500 1799
1871 438
1428 82
906 1680
1838 1848
1863 1775
47 275
520 245
1679 1951
1633 1284
886 732
1903 61
875 1243
1627 1583
290 1787
1958 151
219 665
114 1612
703 808
55 973
833 1976
1218 639
1097 182
730 1677
386 576
65 1791
1378 116
536 930
1143 697
1178 1396
1470 1805
1961 321
58 1902
1819 967
1398 336
609 1431
1885 719
1776 1135
1614 1490
759 1728
704 688
104 949
470 1638
212 642
748 481
1825 938
1842 191
831 1570
1825 1179
1493 765
1592 788
1948 162
1144 460
306 1150
597 326
446 724
1810 913
956 807
1079 1651
808 1798
1695 760
188 1317
592 480
1652 166
1510 1949
1869 429
20 1786
1150 645
723 1054
1118 832
840 1751
823 56
1765 1286
1872 1616
358 340
1241 160
583 1394
1197 877
1194 915
880 1517
214 1741
990 1747
495 1819
94 1010
188 17
518 1161
386 926
1508 1744
1951 764
1290 357
1548 1885
1736 1192
854 1612
192 475
834 159
163 640
1222 261
1707 1446
1346 1482
1607 421
1639 677
1939 1690
435 264
282 717
207 253
321 295
1646 1258
1146 500
1114 47
229 101
1359 523
975 1688
159 1438
707 1174
529 673
342 1714
1501 1968
1475 1850
623 1496
1744 190
1233 915
696 1947
787 1787
1483 415
957 49
1039 1096
1109 55
1181 680
893 1420
1898 529
284 1555
594 1411
785 584
864 883
1469 836
1129 1287
1385 1797
1784 511
974 1821
1334 9
532 1393
739 1114
207 1051
253 90
1434 1276
785 105
152 289
1743 962
1863 535
336 1944
686 1184
1428 755
884 1287
193 587
1371 1721
494 1913
1196 69
1202 1611
106 1608
267 161
1503 1005
131 1521
1633 1169
1437 1674
959 1565
1640 708
123 1572
123 1796
5 1811
312 154
344 1642
1394 1931
1937 1551
475 768
1058 1129
850 23
470 356
610 756
1675 1630
81 544
1591 145
1954 963
